Cl.2256=0,1,2,3,4,6,7,5,8,12,16,20,32,39,57,62,9,17,21,13,40,51,53,46,50,47,52,41,63,33,56,38,10,45,27,60,43,15,59,31,58,24,49,19,55,22,61,28,29,35,18,44,25,36,23,42,30,37,11,48,54,14,34,26
Cl.2257=0,1,2,3,4,6,7,5,8,12,16,20,32,39,57,62,9,17,21,13,41,50,52,47,40,53,46,51,36,58,35,61,10,25,37,54,33,49,15,31,45,59,24,14,42,63,30,11,29,23,44,38,18,27,34,43,19,28,56,55,48,60,26,22
Cl.2258=0,1,2,3,4,6,7,5,8,12,16,20,32,39,57,62,9,17,21,13,41,50,52,47,55,42,49,44,59,37,60,34,10,25,38,53,35,51,14,30,61,43,11,29,56,45,15,26,22,28,36,46,27,18,40,33,23,24,63,48,54,58,31,19
Cl.2259=0,1,2,3,4,6,8,10,5,11,16,30,32,45,59,54,7,20,41,58,47,63,15,31,48,44,9,21,57,38,14,17,12,25,24,13,34,52,56,46,40,50,43,49,39,62,42,51,35,36,27,28,33,37,23,19,53,61,26,18,22,29,55,60
Cl.2260=0,1,2,3,4,6,8,10,5,11,16,30,32,45,59,54,7,24,40,55,48,44,17,13,9,25,49,33,31,12,41,58,14,27,26,15,57,47,35,53,61,39,62,36,43,50,38,63,46,37,23,28,42,34,29,21,22,18,56,60,51,52,19,20
Cl.2261=0,1,2,3,4,6,8,10,5,11,16,30,32,45,59,54,7,34,21,48,13,43,17,55,56,18,61,23,19,58,24,49,9,52,20,41,31,33,12,50,46,28,36,22,25,40,29,44,62,39,51,42,38,60,37,63,35,53,57,47,26,15,14,27
Cl.2262=0,1,2,3,4,6,8,10,5,12,16,25,32,42,59,49,7,20,14,29,52,36,51,35,53,46,43,48,39,63,55,47,9,58,44,31,22,38,61,13,19,40,33,26,45,21,17,41,54,23,24,57,30,60,62,28,27,50,34,11,18,56,37,15
Cl.2263=0,1,2,3,4,8,16,28,5,12,32,41,10,14,57,61,6,62,23,47,33,20,38,19,43,27,29,45,7,58,39,26,9,22,55,40,11,25,35,49,44,59,53,34,37,63,42,48,21,51,56,30,52,31,15,36,24,54,18,60,50,17,46,13
Cl.2256_inv=0,1,2,3,4,7,5,6,8,16,32,58,9,19,61,37,10,17,50,43,11,18,45,54,41,52,63,34,47,48,56,39,12,29,62,49,53,57,31,13,20,27,55,36,51,33,23,25,59,42,24,21,26,22,60,44,30,14,40,38,35,46,15,28
Cl.2257_inv=0,1,2,3,4,7,5,6,8,16,32,47,9,19,43,38,10,17,52,56,11,18,63,49,42,33,62,53,57,48,46,39,12,36,54,30,28,34,51,13,24,20,44,55,50,40,26,23,60,37,21,27,22,25,35,59,58,14,29,41,61,31,15,45
Cl.2258_inv=0,1,2,3,4,7,5,6,8,16,32,42,9,19,38,46,10,17,53,63,11,18,48,56,57,33,47,52,49,43,39,62,12,55,31,36,50,29,34,13,54,20,25,41,27,45,51,23,59,26,21,37,22,35,60,24,44,14,61,28,30,40,15,58
Cl.2259_inv=0,1,2,3,4,8,5,16,6,26,7,9,32,35,30,22,10,31,59,55,17,27,60,54,34,33,58,50,51,61,11,23,12,52,36,48,49,53,29,44,40,18,46,42,25,13,39,20,24,43,41,47,37,56,15,62,38,28,19,14,63,57,45,21
Cl.2260_inv=0,1,2,3,4,8,5,16,6,24,7,9,29,23,32,35,10,22,57,62,63,55,56,50,17,25,34,33,51,54,11,28,12,27,53,38,43,49,46,41,18,30,52,44,21,13,48,37,20,26,45,60,61,39,15,19,58,36,31,14,59,40,42,47
Cl.2261_inv=0,1,2,3,4,8,5,16,6,32,7,9,38,20,62,61,10,22,25,28,34,18,43,27,30,44,60,63,41,46,11,36,12,37,17,56,42,54,52,49,45,35,51,21,47,13,40,59,19,31,39,50,33,57,15,23,24,58,29,14,53,26,48,55
Cl.2262_inv=0,1,2,3,4,8,5,16,6,32,7,59,9,39,18,63,10,46,60,40,17,45,36,49,50,11,43,56,55,19,52,35,12,42,58,23,21,62,37,28,41,47,13,26,34,44,25,31,27,15,57,22,20,24,48,30,61,51,33,14,53,38,54,29
Cl.2263_inv=0,1,2,3,4,8,16,28,5,32,12,36,9,63,13,54,6,61,58,23,21,48,33,18,56,37,31,25,7,26,51,53,10,20,43,38,55,44,22,30,35,11,46,24,40,27,62,19,47,39,60,49,52,42,57,34,50,14,29,41,59,15,17,45
APN_S6=0,54,48,13,15,18,53,35,25,63,45,52,3,20,41,33,59,36,2,34,10,8,57,37,60,19,42,14,50,26,58,24,39,27,21,17,16,29,1,62,47,40,51,56,7,43,44,38,31,11,4,28,61,46,5,49,9,6,23,32,30,12,55,22
SC2000_S6=47,59,25,42,15,23,28,39,26,38,36,19,60,24,29,56,37,63,20,61,55,2,30,44,9,10,6,22,53,48,51,11,62,52,35,18,14,46,0,54,17,40,27,4,31,8,5,12,3,16,41,34,33,7,45,49,50,58,1,21,43,57,32,13
Fides_S6=54,0,48,13,15,18,35,53,63,25,45,52,3,20,33,41,8,10,57,37,59,36,34,2,26,50,58,24,60,19,14,42,46,61,5,49,31,11,28,4,12,30,55,22,9,6,32,23,27,39,21,17,16,29,62,1,40,47,51,56,7,43,38,44
APN_S6_inv=0,38,18,12,50,54,57,44,21,56,20,49,61,3,27,4,36,35,5,25,13,34,63,58,31,8,29,33,51,37,60,48,59,15,19,7,17,23,47,32,41,14,26,45,46,10,53,40,2,55,28,42,11,6,1,62,43,22,30,16,24,52,39,9
SC2000_S6_inv=38,58,21,48,43,46,26,53,45,24,25,31,47,63,36,4,49,40,35,11,18,59,27,5,13,2,8,42,6,14,22,44,62,52,51,34,10,16,9,7,41,50,3,60,23,54,37,0,29,55,56,30,33,28,39,20,15,61,57,1,12,19,32,17
Fides_S6_inv=1,55,23,12,39,34,45,60,16,44,17,37,40,3,30,4,52,51,5,29,13,50,43,47,27,9,24,48,38,53,41,36,46,14,22,6,21,19,62,49,56,15,31,61,63,10,32,57,2,35,25,58,11,7,0,42,59,18,26,20,28,33,54,8
Sakar_Gold=0,18,62,24,32,42,5,59,43,21,16,26,23,49,55,37,63,7,31,19,8,40,51,39,41,61,12,44,2,14,60,4,15,28,33,6,36,47,17,46,13,50,38,45,58,29,10,25,9,48,57,52,53,20,30,11,54,35,3,34,22,27,56,1
Sakar_Quadratic=0,58,47,28,3,29,24,15,23,53,32,11,46,40,45,34,61,35,62,41,16,42,39,20,1,7,26,21,22,52,57,18,30,54,17,48,9,5,50,55,8,56,31,38,37,49,6,27,2,14,33,36,59,19,44,13,63,43,4,25,60,12,51,10
Sakar_Cubic=0,45,48,15,58,32,14,49,13,7,41,12,3,54,55,26,42,25,22,34,60,38,53,31,21,51,4,24,27,28,43,33,39,19,30,63,16,1,59,8,57,62,29,50,6,44,36,17,23,10,56,37,9,47,5,20,40,52,35,2,18,61,46,11
Hangi_S6=0,13,24,53,61,34,44,19,22,58,12,1,33,29,50,47,36,14,27,20,7,63,51,46,48,11,35,60,2,41,26,21,23,59,43,39,49,10,5,30,62,6,9,16,25,52,38,42,40,3,54,56,28,32,8,17,55,57,15,37,31,4,45,18
SPEEDY=8,0,9,3,56,16,41,19,12,13,4,7,48,1,32,35,26,18,24,50,62,22,44,54,28,29,20,55,52,5,36,39,2,6,11,15,51,23,33,21,10,27,14,31,49,17,37,53,34,38,42,46,58,30,40,60,43,59,47,63,57,25,45,61
Sakar_Gold_inv=0,63,28,58,31,6,35,17,20,48,46,55,26,40,29,32,10,38,1,19,53,9,60,12,3,47,11,61,33,45,54,18,4,34,59,57,36,15,42,23,21,24,5,8,27,43,39,37,49,13,41,22,51,52,56,14,62,50,44,7,30,25,2,16
Sakar_Quadratic_inv=0,24,48,4,58,37,46,25,40,36,63,11,61,55,49,7,20,34,31,53,23,27,28,8,6,59,26,47,3,5,32,42,10,50,15,17,51,44,43,22,13,19,21,57,54,14,12,2,35,45,38,62,29,9,33,39,41,30,1,52,60,16,18,56
Sakar_Cubic_inv=0,37,59,12,26,54,44,9,39,52,49,63,11,8,6,3,36,47,60,33,55,24,18,48,27,17,15,28,29,42,34,23,5,31,19,58,46,51,21,32,56,10,16,30,45,1,62,53,2,7,43,25,57,22,13,14,50,40,4,38,20,61,41,35
Hangi_S6_inv=0,11,28,49,61,38,41,20,54,42,37,25,10,1,17,58,43,55,63,7,19,31,8,32,2,44,30,18,52,13,39,60,53,12,5,26,16,59,46,35,48,29,47,34,6,62,23,15,24,36,14,22,45,3,50,56,51,57,9,33,27,4,40,21
SPEEDY_inv=1,13,32,3,10,29,33,11,0,2,40,34,8,9,42,35,5,45,17,7,26,39,21,37,18,61,16,41,24,25,53,43,14,38,48,15,30,46,49,31,54,6,50,56,22,62,51,58,12,44,19,36,28,47,23,27,4,60,52,57,55,63,20,59
