(673720360, 147112968, 3288336384, 4467234)
(673720360, 147112968, 2432737792, 1430552610)
(673720360, 147112968, 1141375104, 572673024)
(673720360, 147112968, 1428833288, 855640200)
(673720360, 147112968, 290202188, 285214890)
(673720360, 147112968, 2434957312, 855688260)
(673720360, 147112968, 2147483776, 1145316002)
(673720360, 147112968, 138678690, 855690368)
(673720360, 147112968, 704664960, 289704098)
(673720360, 147112968, 1719671040, 1426063402)
(673720360, 147112968, 8395110, 855638092)
(673720360, 147112968, 2181201920, 539018308)
(673720360, 147112968, 42074240, 1145348128)
(673720360, 147112968, 1175077896, 538970248)
(673720360, 147112968, 4981326, 10408)
(673720360, 147112968, 1182933032, 4489352)
(673720360, 147112968, 3490979880, 340787722)
(673720360, 147112968, 1385564160, 340830368)
(673720360, 147112968, 332859392, 1427220640)
(673720360, 147112968, 2438275112, 1427177994)
(673720360, 147112968, 130228264, 1090879624)
(673720360, 147112968, 2235631616, 1090857506)
(673720360, 147112968, 1966702592, 320064640)
(673720360, 147112968, 286892132, 290818690)
(673720360, 147112968, 547357262, 50312)
(673720360, 147112968, 2955936840, 303185932)
(673720360, 147112968, 277876290, 808503428)
(673720360, 147112968, 2972795912, 320012364)
(673720360, 147112968, 294735362, 825329860)
(673720360, 147112968, 2164344836, 589499456)
(673720360, 147112968, 564216334, 16876744)
(673720360, 2152483968, 2147503104, 3865444352)
(673720360, 2152483968, 2130725888, 3865444352)
(673720360, 2152483968, 541824, 2147509862)
(673720360, 2152483968, 293601442, 2147509862)
(673720360, 2152483968, 864026752, 3865444352)
(673720360, 2152483968, 423888998, 2147509862)
(673720360, 2152483968, 5000192, 3865444352)
(673720360, 2152483968, 5026560, 3865444352)
(673720360, 2152483968, 2807040, 2147509862)
(673720360, 2152483968, 3290566920, 2147509862)
(673720360, 2152483968, 2147496780, 3865444352)
(673720360, 2152483968, 42074240, 3865444352)
(673720360, 2152483968, 2181201920, 2147509862)
(673720360, 2152483968, 1308773376, 3865444352)
(673720360, 2152483968, 138676806, 2147509862)
(673720360, 2152483968, 299182112, 429457408)
(673720360, 2152483968, 677675522, 3865444352)
(673720360, 2152483968, 1013973120, 3865444352)
(673720360, 2152483968, 341344770, 3865444352)
(673720360, 2152483968, 2100363392, 429457408)
(673720360, 2152483968, 1427735042, 429457408)
(673720360, 2152483968, 1091371136, 429457408)
(673720360, 2152483968, 1764065794, 429457408)
(673720360, 2152483968, 167961632, 2147509862)
(673720360, 2152483968, 403726500, 2147509862)
(673720360, 2152483968, 303742980, 2147509862)
(673720360, 2152483968, 320569412, 429457408)
(673720360, 2152483968, 420552932, 429457408)
(673720360, 2152483968, 184788064, 429457408)
(673720360, 2152483968, 17368256, 429457408)
(673720360, 2152483968, 833702912, 429457408)
(673720360, 3355706568, 3355444224, 677380614)
(673720360, 3355706568, 2701169152, 1096848390)
(673720360, 3355706568, 1073742984, 235036704)
(673720360, 3355706568, 1158304808, 185086080)
(673720360, 3355706568, 558633548, 153620610)
(673720360, 3355706568, 2164428832, 117764160)
(673720360, 3355706568, 1208222792, 101081312)
(673720360, 3355706568, 413401410, 51130432)
(673720360, 3355706568, 1518347520, 1093145602)
(673720360, 3355706568, 369125760, 157323398)
(673720360, 3355706568, 274729350, 251719808)
(673720360, 3355706568, 42074240, 1616937988)
(673720360, 3355706568, 2181201920, 67428448)
(673720360, 3355706568, 1175077896, 134750368)
(673720360, 3355706568, 4981326, 673710208)
(673720360, 3355706568, 556109912, 155292310)
(673720360, 3355706568, 9183842, 67682432)
(673720360, 3355706568, 2215129200, 34492432)
(673720360, 3355706568, 209719890, 134541488)
(673720360, 3355706568, 2298822656, 251863136)
(673720360, 3355706568, 26042914, 84508864)
(673720360, 3355706568, 2231988272, 51318864)
(673720360, 3355706568, 226578962, 151367920)
(673720360, 3355706568, 1655309312, 4751492)
(673720360, 3355706568, 3760721940, 4724242)
(673720360, 3355706568, 1250037780, 677418128)
(673720360, 3355706568, 602604544, 1091141764)
(673720360, 3355706568, 2302739456, 1763770886)
(673720360, 3355706568, 197333012, 1763808400)
(673720360, 3355706568, 2708017172, 1091114514)
(673720360, 3355706568, 1090630712, 251908240)
(673720360, 1082952768, 2348826624, 3259114532)
(673720360, 1082952768, 1325431808, 3259114532)
(673720360, 1082952768, 67125384, 2753839682)
(673720360, 1082952768, 27267202, 2753839682)
(673720360, 1082952768, 58732672, 3259114532)
(673720360, 1082952768, 157554758, 2753839682)
(673720360, 1082952768, 2147483776, 2753839682)
(673720360, 1082952768, 2953577280, 3259114532)
(673720360, 1082952768, 3490317600, 2753839682)
(673720360, 1082952768, 335724840, 2753839682)
(673720360, 1082952768, 809534220, 3259114532)
(673720360, 1082952768, 2181201920, 2753839682)
(673720360, 1082952768, 42074240, 3259114532)
(673720360, 1082952768, 1308773376, 3259114532)
(673720360, 1082952768, 138676806, 2753839682)
(673720360, 1082952768, 639813632, 2753839682)
(673720360, 1082952768, 539252880, 2753839682)
(673720360, 1082952768, 34000920, 2753839682)
(673720360, 1082952768, 656640064, 25237528)
(673720360, 1082952768, 83951816, 25237528)
(673720360, 1082952768, 50827352, 25237528)
(673720360, 1082952768, 556079312, 25237528)
(673720360, 1082952768, 226586672, 25237528)
(673720360, 1082952768, 702615572, 25237528)
(673720360, 1082952768, 4237862, 3259114532)
(673720360, 1082952768, 4209840, 3259114532)
(673720360, 1082952768, 4232730, 3259114532)
(673720360, 1082952768, 1090584716, 25237528)
(673720360, 1082952768, 1090628134, 25237528)
(673720360, 1082952768, 1090600112, 25237528)
(673720360, 1082952768, 1090623002, 25237528)
(673720360, 1717960704, 2566914048, 5000320)
(673720360, 1717960704, 3825238528, 5000320)
(673720360, 1717960704, 294125568, 1150386252)
(673720360, 1717960704, 8537248, 3248454)
(673720360, 1717960704, 549716608, 1175564544)
(673720360, 1717960704, 2147647588, 5000320)
(673720360, 1717960704, 13391104, 2184261890)
(673720360, 1717960704, 5948160, 5000320)
(673720360, 1717960704, 15755520, 2184261890)
(673720360, 1717960704, 5166848, 2184261890)
(673720360, 1717960704, 14974208, 5000320)
(673720360, 1717960704, 7531264, 2184261890)
(673720360, 1717960704, 14172416, 5000320)
(673720360, 1717960704, 2181042442, 1317048646)
(673720360, 1717960704, 3422556484, 8425736)
(673720360, 1717960704, 1209140160, 1218555968)
(673720360, 1717960704, 3224379720, 212902148)
(673720360, 1717960704, 1275204548, 1286709316)
(673720360, 1717960704, 3290444108, 144748800)
(673720360, 1717960704, 1077027784, 1082232904)
(673720360, 1717960704, 3356492096, 76579084)
(673720360, 1717960704, 41949442, 5000320)
(673720360, 1717960704, 2147648000, 5000320)
(673720360, 1717960704, 8520320, 3256576)
(673720360, 1717960704, 2155872256, 5000320)
(673720360, 1717960704, 549733536, 1175556422)
(673720360, 1717960704, 3825238116, 5000320)
(673720360, 1717960704, 1679393280, 5000320)
(673720360, 1717960704, 676659840, 1317056768)
(673720360, 1717960704, 135480480, 144740678)
(673720360, 1717960704, 1802340, 5000320)
(673720360, 1145315874, 1996549632, 12899592)
(673720360, 1145315874, 2684405248, 683934216)
(673720360, 1145315874, 1428309162, 2685604640)
(673720360, 1145315874, 1149370528, 2685604640)
(673720360, 1145315874, 545260228, 2685604640)
(673720360, 1145315874, 2152103968, 142754856)
(673720360, 1145315874, 7140608, 2685604640)
(673720360, 1145315874, 570429866, 9535496)
(673720360, 1145315874, 169084290, 679842848)
(673720360, 1145315874, 2685666600, 684769568)
(673720360, 1145315874, 167776642, 680624160)
(673720360, 1145315874, 2684358952, 683988256)
(673720360, 1145315874, 571737514, 8754184)
(673720360, 1145315874, 2283013376, 13680904)
(673720360, 1145315874, 1277178308, 148358656)
(673720360, 1145315874, 570464546, 1141377220)
(673720360, 1145315874, 102269190, 1141377220)
(673720360, 1145315874, 613419300, 2685604640)
(673720360, 1145315874, 34115842, 2685604640)
(673720360, 1145315874, 545265952, 1141377220)
(673720360, 1145315874, 638617894, 2685604640)
(673720360, 1145315874, 77070596, 1141377220)
(673720360, 1145315874, 2181070850, 1141377220)
(673720360, 1145315874, 41943170, 538022176)
(673720360, 1145315874, 33718914, 546509600)
(673720360, 1145315874, 2688861216, 679477288)
(673720360, 1145315874, 1686110436, 2685604640)
(673720360, 1145315874, 1150486560, 2685604640)
(673720360, 1145315874, 2153185320, 143901728)
(673720360, 1145315874, 2685486600, 685081088)
(673720360, 1145315874, 546376260, 2685604640)
(673720360, 101081184, 1862333952, 348700932)
(673720360, 101081184, 2214650368, 13117956)
(673720360, 101081184, 1160402082, 2418221840)
(673720360, 101081184, 1084359808, 2418221840)
(673720360, 101081184, 8659648, 2418221840)
(673720360, 101081184, 2153938948, 78268416)
(673720360, 101081184, 1879313888, 79940116)
(673720360, 101081184, 438345986, 1208222920)
(673720360, 101081184, 144975120, 2418221840)
(673720360, 101081184, 33850650, 1208222920)
(673720360, 101081184, 413147392, 1208222920)
(673720360, 101081184, 302022922, 2418221840)
(673720360, 101081184, 8652056, 1208222920)
(673720360, 101081184, 170173714, 2418221840)
(673720360, 101081184, 876658988, 2418221840)
(673720360, 101081184, 304619906, 9011216)
(673720360, 101081184, 2217222420, 14739728)
(673720360, 101081184, 100665750, 346138628)
(673720360, 101081184, 2418548992, 350284036)
(673720360, 101081184, 301992322, 10594320)
(673720360, 101081184, 2214594836, 13156624)
(673720360, 101081184, 103293334, 344555524)
(673720360, 101081184, 2147648000, 80366084)
(673720360, 101081184, 8520320, 2418221840)
(673720360, 101081184, 2155872256, 1208222920)
(673720360, 101081184, 1084499136, 2418221840)
(673720360, 101081184, 2220941316, 11020288)
(673720360, 101081184, 2215207440, 12691988)
(673720360, 101081184, 142942800, 2418221840)
(673720360, 101081184, 1218642960, 2418221840)
(673720360, 101081184, 2154496020, 77842448)
(673720360, 606356034, 2164267008, 205537420)
(673720360, 606356034, 3221267968, 205537420)
(673720360, 606356034, 25169928, 1083016272)
(673720360, 606356034, 77742208, 268796274)
(673720360, 606356034, 12591748, 1912702224)
(673720360, 606356034, 2150006848, 205537420)
(673720360, 606356034, 3489926464, 277381376)
(673720360, 606356034, 3758621040, 545557808)
(673720360, 606356034, 1073875920, 1887537248)
(673720360, 606356034, 4027319648, 813730080)
(673720360, 606356034, 1342574528, 1619364976)
(673720360, 606356034, 3221227856, 9209104)
(673720360, 606356034, 1611269104, 1351188544)
(673720360, 606356034, 444596482, 205537420)
(673720360, 606356034, 348143884, 2986410290)
(673720360, 606356034, 683688240, 2986410290)
(673720360, 606356034, 4375320, 205537420)
(673720360, 606356034, 1019232548, 205537420)
(673720360, 606356034, 339919628, 2986410290)
(673720360, 606356034, 12599576, 205537420)
(673720360, 606356034, 675463984, 2986410290)
(673720360, 606356034, 2449998082, 1384418626)
(673720360, 606356034, 2181070850, 1116474434)
(673720360, 606356034, 41943170, 2986410290)
(673720360, 606356034, 33718914, 847315250)
(673720360, 606356034, 3223626816, 205537420)
(673720360, 606356034, 81813636, 1376093522)
(673720360, 606356034, 69421200, 277121378)
(673720360, 606356034, 2588760, 205537420)
(673720360, 606356034, 1073849880, 205537420)
(673720360, 606356034, 4270740, 1921027328)
(673720360, 1176520224, 1426194600, 3289452868)
(673720360, 1176520224, 1437073410, 11632718)
(673720360, 1176520224, 1093276800, 3489989968)
(673720360, 1176520224, 1098912810, 9273458)
(673720360, 1176520224, 1151485090, 136454792)
(673720360, 1176520224, 1428816000, 136454792)
(673720360, 1176520224, 1434452010, 1711282432)
(673720360, 1176520224, 1090655400, 537528992)
(673720360, 1176520224, 1101534210, 1509958912)
(673720360, 1176520224, 822084300, 3289452868)
(673720360, 1176520224, 327688260, 1183948808)
(673720360, 1176520224, 17576640, 3489989968)
(673720360, 1176520224, 595857480, 1653179408)
(673720360, 1176520224, 285745860, 136454792)
(673720360, 1176520224, 864026700, 6502)
(673720360, 1176520224, 553915080, 537528992)
(673720360, 1176520224, 59519040, 405012802)
(673720360, 1176520224, 2730754048, 136454792)
(673720360, 1176520224, 2433220608, 136454792)
(673720360, 1176520224, 4498048, 559206)
(673720360, 1176520224, 285245448, 578853154)
(673720360, 1176520224, 2278528, 1711835136)
(673720360, 1176520224, 2155889698, 136454792)
(673720360, 1176520224, 67289248, 1241555976)
(673720360, 1176520224, 17338368, 446734594)
(673720360, 1176520224, 2225094658, 537528992)
(673720360, 1176520224, 2164264968, 537528992)
(673720360, 1176520224, 2193629188, 537528992)
(673720360, 1176520224, 541098628, 136609866)
(673720360, 1176520224, 15496448, 3289452868)
(673720360, 1176520224, 561408, 3289452868)
(673720360, 1176520224, 541349288, 11640840)
(673720360, 1176520224, 2147488008, 178303234)
(673720360, 1176520224, 2283811072, 41980170)
(673720360, 1176520224, 136072, 1183940686)
(673720360, 1176520224, 2215641356, 246456582)
(673720360, 1176520224, 204612484, 1252110402)
(673720360, 1176520224, 136459136, 1320263750)
(673720360, 1176520224, 2351964420, 110133518)
(673720360, 1176520224, 68289420, 1115787338)
(673720360, 1176520224, 536910112, 537528992)
(673720360, 1176520224, 42471682, 3289452868)
(673720360, 1176520224, 68714756, 537528992)
(673720360, 1176520224, 646973734, 3289452868)
(673720360, 1176520224, 578820386, 537528992)
(673720360, 1176520224, 605063460, 3289452868)
(673720360, 1176520224, 110625030, 537528992)
(673720360, 1176520224, 2952792352, 310935810)
(673720360, 1176520224, 269091712, 1116570706)
(673720360, 1176520224, 2148271376, 579112242)
(673720360, 1176520224, 537268144, 1921091682)
(673720360, 1176520224, 2416443648, 847284514)
(673720360, 1176520224, 805440416, 1652919410)
(673720360, 1176520224, 2684620080, 42763538)
(673720360, 1176520224, 919440, 1384742978)
(673720360, 1176520224, 404791552, 136454792)
(673720360, 1176520224, 310378762, 3489989968)
(673720360, 1176520224, 296216, 136454792)
(673720360, 1176520224, 178529554, 3489989968)
(673720360, 1176520224, 268468488, 3489989968)
(673720360, 1176520224, 446701826, 136454792)
(673720360, 1176520224, 136619280, 3489989968)
(673720360, 1176520224, 42206490, 136454792)
(673720360, 1176520224, 885014828, 3489989968)
(673720360, 1176520224, 342385028, 545882160)
(673720360, 1176520224, 164480, 136454792)
(673720360, 1176520224, 2697217056, 136454792)
(673720360, 1176520224, 6612096, 1174964294)
(673720360, 1176520224, 1677754596, 3289452868)
(673720360, 1176520224, 3298828356, 1308655694)
(673720360, 1176520224, 1076143296, 3489989968)
(673720360, 1176520224, 3766748256, 1108118594)
(673720360, 1176520224, 2229297156, 537528992)
(673720360, 1176520224, 608223396, 1241809994)
(673720360, 1176520224, 1427310632, 3289452868)
(673720360, 1176520224, 1564016642, 136347726)
(673720360, 1176520224, 454631492, 1308663816)
(673720360, 1176520224, 823200332, 3289452868)
(673720360, 1176520224, 587536472, 1644727296)
(673720360, 1176520224, 151859792, 3489989968)
(673720360, 1176520224, 1227559952, 3489989968)
(673720360, 1176520224, 1090591802, 821346)
(673720360, 1176520224, 549737768, 136454792)
(673720360, 1176520224, 7107968, 1174411590)
(673720360, 1176520224, 2684360992, 42504450)
(673720360, 1176520224, 660352, 536877344)
(673720360, 1176520224, 2216165636, 647006502)
(673720360, 1176520224, 605162404, 68681988)
(673720360, 1176520224, 3289972804, 1720813670)
(673720360, 1176520224, 1074467520, 1610684512)
(673720360, 1176520224, 3758168160, 1116311618)
(673720360, 1176520224, 136360192, 136454792)
(673720360, 1176520224, 41947402, 136454792)
(673720360, 1176520224, 68190476, 136454792)
(673720360, 1176520224, 246423814, 136454792)
(673720360, 1176520224, 1141997644, 3289452868)
(673720360, 1176520224, 1210167360, 3289452868)
(673720360, 1176520224, 1115754570, 3289452868)
(673720360, 1176520224, 2552242432, 310411530)
(673720360, 1176520224, 268567432, 404758784)
(673720360, 1176520224, 2147747096, 178562322)
(673720360, 1176520224, 136718224, 263448)
(673720360, 1176520224, 1342374600, 1478565952)
(673720360, 1176520224, 3626049600, 1384218698)
(673720360, 1176520224, 3221554264, 1252369490)
(673720360, 1176520224, 805341472, 537528992)
(673720360, 1176520224, 310903042, 537528992)
(673720360, 1176520224, 820496, 537528992)
(673720360, 1176520224, 579079474, 537528992)
(673720360, 1176520224, 1879148640, 3489989968)
(673720360, 1176520224, 1384710210, 3489989968)
(673720360, 1176520224, 1074627664, 3489989968)
(673720360, 1176520224, 350773508, 537528992)
(673720360, 1176520224, 876626348, 1510212930)
(673720360, 1677878274, 1459660800, 8574248)
(673720360, 1677878274, 4244636160, 36186242)
(673720360, 1677878274, 1795200000, 346734848)
(673720360, 1677878274, 3238018560, 704643242)
(673720360, 1677878274, 2147516416, 11151872)
(673720360, 1677878274, 2130739200, 11195648)
(673720360, 1677878274, 3573557760, 704643242)
(673720360, 1677878274, 1124121600, 344113448)
(673720360, 1677878274, 3909096960, 36186242)
(673720360, 1677878274, 287344710, 549753608)
(673720360, 1677878274, 2567045220, 36186242)
(673720360, 1677878274, 151294050, 281584388)
(673720360, 1677878274, 2166757440, 704643242)
(673720360, 1677878274, 419463270, 13415168)
(673720360, 1677878274, 2434926660, 704643242)
(673720360, 1677878274, 19175490, 817922828)
(673720360, 1677878274, 2298876000, 36186242)
(673720360, 1677878274, 2162556928, 5024256)
(673720360, 1677878274, 2145779712, 5002496)
(673720360, 1677878274, 4489378, 704643242)
(673720360, 1677878274, 1430530722, 704643242)
(673720360, 1677878274, 570475648, 704643242)
(673720360, 1677878274, 2155898368, 2804736)
(673720360, 1677878274, 100720768, 36186242)
(673720360, 1677878274, 252080352, 36186242)
(673720360, 1677878274, 2759868928, 201506856)
(673720360, 1677878274, 631528002, 339755276)
(673720360, 1677878274, 2160197668, 675316236)
(673720360, 1677878274, 6324358, 36186242)
(673720360, 1677878274, 13522688, 2153075968)
(673720360, 1677878274, 6618368, 36186242)
(673720360, 1677878274, 15887104, 2153075968)
(673720360, 1677878274, 5816576, 36186242)
(673720360, 1677878274, 15105792, 36186242)
(673720360, 1677878274, 5035264, 2153075968)
(673720360, 1677878274, 14304000, 36186242)
(673720360, 1677878274, 7399680, 2153075968)
(673720360, 1677878274, 38032778, 9667080)
(673720360, 1677878274, 2823050528, 13031176)
(673720360, 1677878274, 709902754, 679974432)
(673720360, 1677878274, 2152743176, 684901152)
(673720360, 1677878274, 709121442, 680755744)
(673720360, 1677878274, 2151961864, 684119840)
(673720360, 1677878274, 38814090, 8885768)
(673720360, 1677878274, 2823831840, 13812488)
(673720360, 1677878274, 2281837312, 545296680)
(673720360, 1677878274, 33593602, 36186242)
(673720360, 1677878274, 2416052992, 279486720)
(673720360, 1677878274, 1879445472, 10725904)
(673720360, 1677878274, 436240642, 704643242)
(673720360, 1677878274, 1520706882, 704643242)
(673720360, 1677878274, 348275468, 2487304468)
(673720360, 1677878274, 1010876708, 704643242)
(673720360, 1677878274, 683819824, 2487304468)
(673720360, 1677878274, 4243736, 704643242)
(673720360, 1677878274, 339788044, 2487304468)
(673720360, 1677878274, 12731160, 704643242)
(673720360, 1677878274, 675332400, 2487304468)
(673720360, 1677878274, 373834118, 9142800)
(673720360, 1677878274, 2489346308, 348832516)
(673720360, 1677878274, 39872914, 346270212)
(673720360, 1677878274, 2152218896, 14871312)
(673720360, 1677878274, 2487763204, 350415620)
(673720360, 1677878274, 38289810, 344687108)
(673720360, 1677878274, 2153802000, 13288208)
(673720360, 1677878274, 33587330, 2664448)
(673720360, 1677878274, 2162451456, 5164544)
(673720360, 1677878274, 541377696, 704643242)
(673720360, 1677878274, 1142988996, 546378016)
(673720360, 1677878274, 3833593956, 36186242)
(673720360, 1677878274, 1610908896, 278995216)
(673720360, 1677878274, 3231982656, 704643242)
(673720360, 1677878274, 2764062756, 205701644)
(673720360, 1677878274, 73457796, 36186242)
(673720360, 1677878274, 1460742152, 9655584)
(673720360, 1677878274, 2098790912, 36186242)
(673720360, 1677878274, 421199972, 36186242)
(673720360, 1677878274, 288426062, 550834944)
(673720360, 1677878274, 19339352, 704643242)
(673720360, 1677878274, 151851122, 281092884)
(673720360, 1677878274, 1795757072, 346243344)
(673720360, 1677878274, 1090600472, 704643242)
(673720360, 1677878274, 12998408, 704643242)
(673720360, 1677878274, 675599648, 704643242)
(673720360, 1677878274, 684868384, 704643242)
(673720360, 1677878274, 5292296, 704643242)
(673720360, 1677878274, 680722976, 2153075968)
(673720360, 1677878274, 671454240, 2153075968)
(673720360, 1677878274, 8853000, 2153075968)
(673720360, 1677878274, 38557058, 6585600)
(673720360, 1677878274, 2154069248, 13555456)
(673720360, 1677878274, 40921474, 5783808)
(673720360, 1677878274, 2153267456, 15919872)
(673720360, 1677878274, 36776066, 1638400)
(673720360, 1677878274, 34411650, 2440192)
(673720360, 1677878274, 2149923840, 9410048)
(673720360, 1677878274, 2147621632, 11055360)
(673720360, 1677878274, 167809282, 704643242)
(673720360, 1677878274, 2550268672, 813728040)
(673720360, 1677878274, 302024962, 36186242)
(673720360, 1677878274, 348799748, 36186242)
(673720360, 1677878274, 341895428, 36186242)
(673720360, 1677878274, 14838544, 36186242)
(673720360, 1677878274, 4768016, 36186242)
(673720360, 1677878274, 337750020, 2487304468)
(673720360, 1677878274, 344654340, 2487304468)
(673720360, 1677878274, 10693136, 2487304468)
(673720360, 1677878274, 373309838, 1010843940)
(673720360, 1677878274, 3158327588, 348308236)
(673720360, 1677878274, 708854194, 4210968)
(673720360, 1677878274, 2151694616, 683852592)
(673720360, 1677878274, 369164430, 1006698532)
(673720360, 1677878274, 3154182180, 344162828)
(673720360, 1677878274, 704708786, 65560)
(673720360, 1179000864, 3288375808, 138691720)
(673720360, 1179000864, 2432698368, 138691720)
(673720360, 1179000864, 10634368, 1720190976)
(673720360, 1179000864, 293601288, 570431778)
(673720360, 1179000864, 12853888, 8915046)
(673720360, 1179000864, 2149744708, 138691720)
(673720360, 1179000864, 1145348770, 138691720)
(673720360, 1179000864, 289671330, 138691720)
(673720360, 1179000864, 1426096170, 1719703808)
(673720360, 1179000864, 855657600, 138691720)
(673720360, 1179000864, 855670860, 8427878)
(673720360, 1179000864, 2147648000, 138691720)
(673720360, 1179000864, 8520320, 1183320134)
(673720360, 1179000864, 14967936, 545785888)
(673720360, 1179000864, 3290472516, 138691720)
(673720360, 1179000864, 12866824, 138691720)
(673720360, 1179000864, 5423880, 138691720)
(673720360, 1179000864, 684736800, 138691720)
(673720360, 1179000864, 680591392, 2719027490)
(673720360, 1179000864, 1278472, 2719027490)
(673720360, 1179000864, 8721416, 2719027490)
(673720360, 1179000864, 671585824, 2719027490)
(673720360, 1179000864, 7695488, 538509344)
(673720360, 1179000864, 3288340804, 8950016)
(673720360, 1179000864, 1074924480, 102236422)
(673720360, 1179000864, 3759669600, 613452068)
(673720360, 1179000864, 2685992992, 1687259236)
(673720360, 1179000864, 1247872, 1176043590)
(673720360, 1179000864, 2214664196, 1082757184)
(673720360, 1179000864, 604705444, 1644238946)
(673720360, 1179000864, 1144102988, 2719027490)
(673720360, 1684275714, 2147542528, 13380096)
(673720360, 1684275714, 2130765312, 13423872)
(673720360, 1684275714, 1151467648, 1275068620)
(673720360, 1684275714, 1428833442, 1275068620)
(673720360, 1684275714, 8397508, 1275068620)
(673720360, 1684275714, 2154201088, 11160576)
(673720360, 1684275714, 2155872256, 5032960)
(673720360, 1684275714, 3008102400, 1275068620)
(673720360, 1684275714, 2139095040, 4993792)
(673720360, 1684275714, 2433238050, 1275068620)
(673720360, 1684275714, 427819110, 2774272)
(673720360, 1684275714, 2181070850, 1275068620)
(673720360, 1684275714, 41943170, 13520384)
(673720360, 1684275714, 2154095616, 11020288)
(673720360, 1684275714, 1151344836, 1275068620)
(673720360, 1684275714, 143852032, 2150839040)
(673720360, 1684275714, 36188546, 6717184)
(673720360, 1684275714, 34868610, 5915392)
(673720360, 1684275714, 2151425280, 15788288)
(673720360, 1684275714, 39144578, 1769984)
(673720360, 1684275714, 2155701248, 11642880)
(673720360, 1684275714, 40464514, 2571776)
(673720360, 1684275714, 2151766016, 9278464)
(673720360, 1684275714, 2149253632, 14142976)
(673720360, 1684275714, 169914626, 1275068620)
(673720360, 1684275714, 101744910, 1275068620)
(673720360, 1684275714, 212869380, 1275068620)
(673720360, 1684275714, 1175552078, 2150839040)
(673720360, 1684275714, 1286676548, 2150839040)
(673720360, 1684275714, 1243721794, 2150839040)
(673720360, 1684275714, 1082200136, 2150839040)
(673720360, 640041024, 2751513088, 683672076)
(673720360, 640041024, 1728118272, 348176652)
(673720360, 640041024, 1082262688, 1074531520)
(673720360, 640041024, 1159877802, 1074531520)
(673720360, 640041024, 545522368, 1074531520)
(673720360, 640041024, 2151841828, 209862696)
(673720360, 640041024, 2155872256, 1074531520)
(673720360, 640041024, 27531330, 335692072)
(673720360, 640041024, 2233487370, 1074531520)
(673720360, 640041024, 1132477440, 809501452)
(673720360, 640041024, 2202021900, 1074531520)
(673720360, 640041024, 2147648000, 214057484)
(673720360, 640041024, 8520320, 1074531520)
(673720360, 640041024, 1619264736, 1074531520)
(673720360, 640041024, 2755706916, 679477288)
(673720360, 640041024, 2147680792, 214155796)
(673720360, 640041024, 838895906, 1074531520)
(673720360, 640041024, 545525040, 1074531520)
(673720360, 640041024, 34374930, 1074531520)
(673720360, 640041024, 1351155776, 2952987440)
(673720360, 640041024, 1912703074, 2952987440)
(673720360, 640041024, 1619332208, 2952987440)
(673720360, 640041024, 1108182098, 2952987440)
(673720360, 640041024, 8587792, 2952987440)
(673720360, 640041024, 838861226, 1010975524)
(673720360, 640041024, 2751463740, 683721008)
(673720360, 640041024, 234881430, 4342552)
(673720360, 640041024, 2554413056, 344031244)
(673720360, 640041024, 843137194, 1006830116)
(673720360, 640041024, 2755739708, 679575600)
(673720360, 640041024, 239157398, 197144)
(673720360, 67396194, 3758130688, 71846020)
(673720360, 67396194, 2298482688, 71846020)
(673720360, 67396194, 75645088, 1249911816)
(673720360, 67396194, 25694208, 438313218)
(673720360, 67396194, 549454468, 144965706)
(673720360, 67396194, 2147909728, 71846020)
(673720360, 67396194, 101114080, 1208255560)
(673720360, 67396194, 51163200, 413434178)
(673720360, 67396194, 251687040, 71846020)
(673720360, 67396194, 1093178370, 1518380288)
(673720360, 67396194, 157290630, 71846020)
(673720360, 67396194, 2181070850, 1250165834)
(673720360, 67396194, 41943170, 71846020)
(673720360, 67396194, 3758392416, 71846020)
(673720360, 67396194, 616579236, 144711688)
(673720360, 67396194, 3624142144, 276857096)
(673720360, 67396194, 3223331160, 145007888)
(673720360, 67396194, 1208091600, 33817882)
(673720360, 67396194, 271001224, 1512120386)
(673720360, 67396194, 2550465536, 1350664264)
(673720360, 67396194, 134414992, 1107625050)
(673720360, 67396194, 2149654552, 1218815056)
(673720360, 67396194, 1611498608, 2451644690)
(673720360, 67396194, 348668164, 71846020)
(673720360, 67396194, 14706960, 71846020)
(673720360, 67396194, 4899600, 71846020)
(673720360, 67396194, 337881604, 2451644690)
(673720360, 67396194, 344522756, 2451644690)
(673720360, 67396194, 754192, 2451644690)
(673720360, 67396194, 10561552, 2451644690)
(673720360, 67396194, 742473908, 2170904)
(673720360, 3609722880, 1428684800, 855788672)
(673720360, 3609722880, 1141523592, 572524552)
(673720360, 3609722880, 1143096480, 1150390598)
(673720360, 3609722880, 319291392, 1175552076)
(673720360, 3609722880, 574882432, 1150398720)
(673720360, 3609722880, 2434793472, 539118720)
(673720360, 3609722880, 2147649604, 822133956)
(673720360, 3609722880, 172232994, 572572868)
(673720360, 3609722880, 574899360, 169906502)
(673720360, 3609722880, 1275208328, 33591560)
(673720360, 3609722880, 3356504076, 1243721792)
(673720360, 3609722880, 1077023364, 238067972)
(673720360, 3609722880, 3422560264, 1311875140)
(673720360, 3609722880, 1143079552, 169914624)
(673720360, 3609722880, 3224375300, 1107398728)
(673720360, 3609722880, 1209152140, 101744908)
(673720360, 3609722880, 41947426, 822085640)
(673720360, 3609722880, 2147647616, 822135808)
(673720360, 3609722880, 33686144, 1275113728)
(673720360, 3609722880, 1684292768, 1275105606)
(673720360, 3609722880, 1141525580, 572522700)
(673720360, 3609722880, 1684275840, 45199616)
(673720360, 3609722880, 1679392896, 36948992)
(673720360, 3609722880, 33703072, 45191494)
(673720360, 3609722880, 830474762, 33604616)
(673720360, 3609722880, 2702183436, 269631628)
(673720360, 3609722880, 28313094, 842057732)
(673720360, 3609722880, 2685488204, 286458060)
(673720360, 3609722880, 11617862, 858884164)
(673720360, 3609722880, 2418098240, 555945152)
(673720360, 3609722880, 813779530, 50431048)
(673720360, 467927040, 3825205248, 2184268928)
(673720360, 467927040, 2566947328, 2184268928)
(673720360, 467927040, 1428702344, 855771144)
(673720360, 467927040, 1141506048, 572542080)
(673720360, 467927040, 2434828356, 539101192)
(673720360, 467927040, 2147614720, 822116428)
(673720360, 467927040, 2566946916, 2184268928)
(673720360, 467927040, 5133568, 4993282)
(673720360, 467927040, 14205696, 2184268928)
(673720360, 467927040, 7497984, 4993282)
(673720360, 467927040, 13424384, 4993282)
(673720360, 467927040, 6716672, 2184268928)
(673720360, 467927040, 15788800, 4993282)
(673720360, 467927040, 5914880, 2184268928)
(673720360, 467927040, 2181055624, 855819460)
(673720360, 467927040, 1174964292, 539149508)
(673720360, 467927040, 1711282434, 2184268928)
(673720360, 467927040, 2181070976, 855769292)
(673720360, 467927040, 2155905536, 2184268928)
(673720360, 467927040, 2155905124, 2184268928)
(673720360, 467927040, 1174948940, 539099340)
(673720360, 467927040, 1428717696, 855821312)
(673720360, 467927040, 421102080, 2184268928)
(673720360, 467927040, 421101668, 2184268928)
(673720360, 467927040, 2434813004, 539151360)
(673720360, 467927040, 830490182, 33571976)
(673720360, 467927040, 2702196800, 269664268)
(673720360, 467927040, 28330570, 842025092)
(673720360, 467927040, 11602442, 858851524)
(673720360, 467927040, 2418084876, 555977792)
(673720360, 467927040, 813762054, 50398408)
(673720360, 1426096680, 1143096480, 3825342848)
(673720360, 1426096680, 1434583210, 2575328258)
(673720360, 1426096680, 1141523592, 2575328258)
(673720360, 1426096680, 570426052, 3825342848)
(673720360, 1426096680, 834937548, 3825342848)
(673720360, 1426096680, 424052838, 2575328258)
(673720360, 1426096680, 2152105984, 2575328258)
(673720360, 1426096680, 13414656, 3825342848)
(673720360, 1426096680, 5164032, 2575328258)
(673720360, 1426096680, 3288465544, 2575328258)
(673720360, 1426096680, 570431776, 1639012)
(673720360, 1426096680, 8950018, 3825342848)
(673720360, 1426096680, 102236420, 1639012)
(673720360, 1426096680, 613452070, 3825342848)
(673720360, 1426096680, 545298722, 1639012)
(673720360, 1426096680, 638585124, 3825342848)
(673720360, 1426096680, 77103366, 1639012)
(673720360, 1426096680, 33686144, 3825342848)
(673720360, 1426096680, 2147647616, 2575328258)
(673720360, 1426096680, 1679836388, 3825342848)
(673720360, 1426096680, 1145981960, 2575328258)
(673720360, 1426096680, 3292923912, 2575328258)
(673720360, 1426096680, 1175652384, 3825342848)
(673720360, 1426096680, 167797792, 2575328258)
(673720360, 1426096680, 705664, 2575328258)
(673720360, 1426096680, 303579140, 2575328258)
(673720360, 1426096680, 403890340, 2575328258)
(673720360, 1426096680, 320405572, 1639012)
(673720360, 1426096680, 17532096, 1639012)
(673720360, 1426096680, 184624224, 1639012)
(673720360, 1426096680, 540102212, 3825342848)
(673720360, 289671840, 1996516352, 9557280)
(673720360, 289671840, 2684371968, 680591904)
(673720360, 289671840, 293732386, 285745222)
(673720360, 289671840, 672768, 285745222)
(673720360, 289671840, 287443014, 14014208)
(673720360, 289671840, 419561574, 285745222)
(673720360, 289671840, 2147614720, 285745222)
(673720360, 289671840, 7134464, 285745222)
(673720360, 289671840, 2281718824, 9503240)
(673720360, 289671840, 570442882, 12867336)
(673720360, 289671840, 2685685760, 679810592)
(673720360, 289671840, 169103530, 684737312)
(673720360, 289671840, 167789738, 683956000)
(673720360, 289671840, 2283032616, 8721928)
(673720360, 289671840, 571756674, 13648648)
(673720360, 289671840, 1143087300, 8410408)
(673720360, 289671840, 3290435976, 285745222)
(673720360, 289671840, 2155905536, 135382048)
(673720360, 289671840, 2181070976, 285745222)
(673720360, 289671840, 1679844548, 545394984)
(673720360, 289671840, 134349382, 285745222)
(673720360, 289671840, 1459759104, 546541856)
(673720360, 289671840, 294854688, 2291222048)
(673720360, 289671840, 167830688, 285745222)
(673720360, 289671840, 303612036, 285745222)
(673720360, 289671840, 403857444, 285745222)
(673720360, 289671840, 420683876, 2291222048)
(673720360, 289671840, 320438468, 2291222048)
(673720360, 289671840, 17499200, 2291222048)
(673720360, 289671840, 184657120, 2291222048)
(673720360, 289671840, 824200262, 550998784)
(673720360, 822234240, 1459628544, 14144768)
(673720360, 822234240, 2130706944, 1462239232)
(673720360, 822234240, 2147484160, 1462239232)
(673720360, 822234240, 864027136, 1462239232)
(673720360, 822234240, 4981248, 1462239232)
(673720360, 822234240, 291768422, 550867200)
(673720360, 822234240, 2151940128, 680722464)
(673720360, 822234240, 5045504, 1462239232)
(673720360, 822234240, 2823028744, 9633800)
(673720360, 822234240, 38011042, 12997896)
(673720360, 822234240, 2152731680, 679941152)
(673720360, 822234240, 709891210, 684867872)
(673720360, 822234240, 709099658, 684086560)
(673720360, 822234240, 2823820296, 8852488)
(673720360, 822234240, 38802594, 13779208)
(673720360, 822234240, 1142956740, 549720328)
(673720360, 822234240, 2147496396, 1462239232)
(673720360, 822234240, 2156036096, 676691968)
(673720360, 822234240, 42074624, 1462239232)
(673720360, 822234240, 1147412708, 545264424)
(673720360, 822234240, 1308754432, 1462239232)
(673720360, 822234240, 1464084512, 9688864)
(673720360, 822234240, 677675138, 1462239232)
(673720360, 822234240, 1013973504, 1462239232)
(673720360, 822234240, 341344386, 1462239232)
(673720360, 822234240, 2100363776, 2832662528)
(673720360, 822234240, 1427734658, 2832662528)
(673720360, 822234240, 1091371520, 2832662528)
(673720360, 822234240, 1764065410, 2832662528)
(673720360, 822234240, 287312454, 546411296)
(673720360, 822234240, 833683968, 2832662528)
(673720360, 822247500, 2130759168, 2615410688)
(673720360, 822247500, 2147536384, 2615410688)
(673720360, 822247500, 1140981922, 2147490788)
(673720360, 822247500, 1436697768, 2147490788)
(673720360, 822247500, 541336260, 2147490788)
(673720360, 822247500, 864027340, 2615410688)
(673720360, 822247500, 4981452, 2615410688)
(673720360, 822247500, 11064576, 2147490788)
(673720360, 822247500, 5033472, 2615410688)
(673720360, 822247500, 2147484364, 2615410688)
(673720360, 822247500, 42504448, 2147490788)
(673720360, 822247500, 536877346, 1679491072)
(673720360, 822247500, 647006500, 2147490788)
(673720360, 822247500, 68681990, 1679491072)
(673720360, 822247500, 578853152, 1679491072)
(673720360, 822247500, 110657796, 1679491072)
(673720360, 822247500, 605030694, 2147490788)
(673720360, 822247500, 2189459456, 1679491072)
(673720360, 822247500, 2147517056, 2615410688)
(673720360, 822247500, 1682186468, 2147490788)
(673720360, 822247500, 5000780, 2615410688)
(673720360, 822247500, 1146562592, 2147490788)
(673720360, 822247500, 5014144, 2615410688)
(673720360, 822247500, 677642242, 2615410688)
(673720360, 822247500, 1014006400, 2615410688)
(673720360, 822247500, 341311490, 2615410688)
(673720360, 822247500, 1427701762, 1679491072)
(673720360, 822247500, 1091404416, 1679491072)
(673720360, 822247500, 1764032514, 1679491072)
(673720360, 822247500, 2147503692, 2615410688)
(673720360, 822247500, 537987654, 2147490788)
(673720360, 427844610, 3573590016, 10792)
(673720360, 427844610, 2147484160, 1426096168)
(673720360, 427844610, 4244668416, 2153064578)
(673720360, 427844610, 290201804, 285215274)
(673720360, 427844610, 524868, 4466850)
(673720360, 427844610, 2147483748, 2153064578)
(673720360, 427844610, 2567077888, 2153064578)
(673720360, 427844610, 5003008, 36197632)
(673720360, 427844610, 7367424, 36197632)
(673720360, 427844610, 14336256, 2153064578)
(673720360, 427844610, 6586112, 2153064578)
(673720360, 427844610, 13554944, 36197632)
(673720360, 427844610, 5784320, 2153064578)
(673720360, 427844610, 15919360, 36197632)
(673720360, 427844610, 2151940234, 1430553250)
(673720360, 427844610, 1141409862, 1145348768)
(673720360, 427844610, 33560934, 2153064578)
(673720360, 427844610, 2147516546, 1426064042)
(673720360, 427844610, 33555074, 36197632)
(673720360, 427844610, 3833626624, 2153064578)
(673720360, 427844610, 1145833550, 1140859560)
(673720360, 427844610, 3578013704, 4500000)
(673720360, 427844610, 1472593952, 4456586)
(673720360, 427844610, 3243245600, 340820488)
(673720360, 427844610, 1137846280, 340797602)
(673720360, 427844610, 43198472, 1427187874)
(673720360, 427844610, 377946144, 1090846858)
(673720360, 427844610, 2483365896, 1090890272)
(673720360, 427844610, 2098823168, 2153064578)
(673720360, 427844610, 285778116, 289704482)
(673720360, 427844610, 421232640, 2153064578)
(673720360, 2433228870, 2432704512, 4467360)
(673720360, 2433228870, 3288369664, 1430552736)
(673720360, 2433228870, 285736962, 1141997646)
(673720360, 2433228870, 148642, 11637060)
(673720360, 2433228870, 285745220, 289671842)
(673720360, 2433228870, 4981452, 10282)
(673720360, 2433228870, 541336260, 1183945028)
(673720360, 2433228870, 704664834, 1145348258)
(673720360, 2433228870, 541344930, 1308668162)
(673720360, 2433228870, 136446668, 37130)
(673720360, 2433228870, 2351960136, 1210167362)
(673720360, 2433228870, 68301504, 204513542)
(673720360, 2433228870, 2283798604, 1278320710)
(673720360, 2433228870, 139972, 136360194)
(673720360, 2433228870, 2215653440, 1073844298)
(673720360, 2433228870, 204608200, 68190478)
(673720360, 2433228870, 578818306, 285214760)
(673720360, 2433228870, 42074114, 289703968)
(673720360, 2433228870, 131714, 136352068)
(673720360, 2433228870, 541353188, 1308660036)
(673720360, 2433228870, 1145834060, 1140859050)
(673720360, 2433228870, 327288872, 4489226)
(673720360, 2433228870, 2232682536, 340787848)
(673720360, 2433228870, 127279104, 340830242)
(673720360, 2433228870, 1188503552, 1427220514)
(673720360, 2433228870, 3293906984, 1427178120)
(673720360, 2433228870, 1388513320, 1090879498)
(673720360, 2433228870, 3493928960, 1090857632)
(673720360, 2433228870, 541328002, 1183953154)
(673720360, 2433228870, 156900, 11645186)
(673720360, 2433228870, 1671396, 5614082)
(673720360, 218263680, 1795167744, 348373268)
(673720360, 218263680, 1124089344, 1124078632)
(673720360, 218263680, 2147484160, 1124078632)
(673720360, 218263680, 58733056, 1124078632)
(673720360, 218263680, 4194828, 1124078632)
(673720360, 218263680, 157552742, 281125140)
(673720360, 218263680, 2153775108, 10692624)
(673720360, 218263680, 1610876640, 281551108)
(673720360, 218263680, 2953576896, 1124078632)
(673720360, 218263680, 1010876684, 1124078632)
(673720360, 218263680, 2152212484, 9109520)
(673720360, 218263680, 39846022, 348799236)
(673720360, 218263680, 2489319440, 346236932)
(673720360, 218263680, 373827730, 14838032)
(673720360, 218263680, 38283398, 350382340)
(673720360, 218263680, 2487756816, 344653828)
(673720360, 218263680, 375390354, 13254928)
(673720360, 218263680, 2156036096, 4302868)
(673720360, 218263680, 42074624, 1124078632)
(673720360, 218263680, 1617167588, 279454464)
(673720360, 218263680, 1107430912, 1124078632)
(673720360, 218263680, 151261794, 279028496)
(673720360, 218263680, 25244208, 2160273428)
(673720360, 218263680, 1801458692, 346276624)
(673720360, 218263680, 4237478, 1124078632)
(673720360, 218263680, 4210224, 1124078632)
(673720360, 218263680, 4232346, 1124078632)
(673720360, 218263680, 1090585100, 2160273428)
(673720360, 218263680, 1090627750, 2160273428)
(673720360, 218263680, 1090600496, 2160273428)
(673720360, 218263680, 1090622618, 2160273428)
(673720360, 17739840, 1325465088, 2210404388)
(673720360, 17739840, 2348859904, 2210404388)
(673720360, 17739840, 1075971202, 2552497088)
(673720360, 17739840, 1168790688, 2552497088)
(673720360, 17739840, 541336260, 2552497088)
(673720360, 17739840, 59519680, 2210404388)
(673720360, 17739840, 4981452, 2210404388)
(673720360, 17739840, 2148270784, 2210404388)
(673720360, 17739840, 310411528, 2552497088)
(673720360, 17739840, 404758786, 1073947672)
(673720360, 17739840, 178562320, 2552497088)
(673720360, 17739840, 263450, 1073947672)
(673720360, 17739840, 446734592, 1073947672)
(673720360, 17739840, 42239256, 1073947672)
(673720360, 17739840, 136586514, 2552497088)
(673720360, 17739840, 343982376, 2552497088)
(673720360, 17739840, 205570572, 2210404388)
(673720360, 17739840, 2189459456, 1073947672)
(673720360, 17739840, 2147517056, 2210404388)
(673720360, 17739840, 1617175748, 2552497088)
(673720360, 17739840, 206324300, 2210404388)
(673720360, 17739840, 2349613632, 2210404388)
(673720360, 17739840, 134554194, 2552497088)
(673720360, 17739840, 1751319572, 2552497088)
(673720360, 17739840, 4227724, 2210404388)
(673720360, 17739840, 4204582, 2210404388)
(673720360, 17739840, 4243120, 2210404388)
(673720360, 17739840, 4199450, 2210404388)
(673720360, 17739840, 1090617996, 1073947672)
(673720360, 17739840, 1090594854, 1073947672)
(673720360, 17739840, 1090589722, 1073947672)
(673720360, 629168130, 3909129216, 673710592)
(673720360, 629168130, 2147484160, 1093178368)
(673720360, 629168130, 3238050816, 2822832278)
(673720360, 629168130, 558633164, 153620994)
(673720360, 629168130, 262728, 677380230)
(673720360, 629168130, 2149843008, 2822832278)
(673720360, 629168130, 2164430848, 2822832278)
(673720360, 629168130, 1208255562, 1616938628)
(673720360, 629168130, 438567234, 2822832278)
(673720360, 629168130, 339755788, 369115432)
(673720360, 629168130, 675300144, 369115432)
(673720360, 629168130, 12763416, 2822832278)
(673720360, 629168130, 1010844452, 2822832278)
(673720360, 629168130, 348307724, 369115432)
(673720360, 629168130, 4211480, 2822832278)
(673720360, 629168130, 683852080, 369115432)
(673720360, 629168130, 2152202374, 1096849030)
(673720360, 629168130, 2147516546, 1093146242)
(673720360, 629168130, 33555074, 369115432)
(673720360, 629168130, 3229656064, 2822832278)
(673720360, 629168130, 1212941390, 1613235840)
(673720360, 629168130, 553947336, 157323782)
(673720360, 629168130, 17012760, 2822832278)
(673720360, 629168130, 3913815044, 677413380)
(673720360, 629168130, 1138889732, 4718726)
(673720360, 629168130, 3244294160, 4757008)
(673720360, 629168130, 1808400400, 677385362)
(673720360, 629168130, 44241924, 1091108998)
(673720360, 629168130, 2819167236, 1763803652)
(673720360, 629168130, 713752592, 1763775634)
(673720360, 629168130, 1090632728, 2822832278)
(673720360, 2701398090, 2701135872, 677380740)
(673720360, 2701398090, 3355477504, 1096848516)
(673720360, 2701398090, 16781322, 1074627666)
(673720360, 2701398090, 69353602, 277184880)
(673720360, 2701398090, 553914440, 157291142)
(673720360, 2701398090, 4981452, 673710082)
(673720360, 2701398090, 541336260, 1384482128)
(673720360, 2701398090, 920288, 268992770)
(673720360, 2701398090, 2416446576, 1879148642)
(673720360, 2701398090, 805439184, 537169202)
(673720360, 2701398090, 2148272224, 1610976370)
(673720360, 2701398090, 537264832, 805341474)
(673720360, 2701398090, 2952791120, 1342799938)
(673720360, 2701398090, 269094640, 820498)
(673720360, 2701398090, 310386946, 153620480)
(673720360, 2701398090, 369125634, 1616938118)
(673720360, 2701398090, 73425030, 1912638722)
(673720360, 2701398090, 42074114, 157323268)
(673720360, 2701398090, 131714, 268732768)
(673720360, 2701398090, 610558148, 1376030016)
(673720360, 2701398090, 1212941900, 1613235330)
(673720360, 2701398090, 606486720, 813793586)
(673720360, 2701398090, 2457816, 675381782)
(673720360, 2701398090, 195694592, 4751366)
(673720360, 2701398090, 2301101076, 4724368)
(673720360, 2701398090, 595723284, 677418002)
(673720360, 2701398090, 1256919040, 1091141638)
(673720360, 2701398090, 3762360320, 1763771012)
(673720360, 2701398090, 1656947732, 1763808274)
(673720360, 2701398090, 3362325524, 1091114640)
(673720360, 2701398090, 4203142, 1921090834)
(673720360, 3271562280, 1090524200, 251818112)
(673720360, 3271562280, 1141523592, 168304672)
(673720360, 3271562280, 1143096480, 1350927698)
(673720360, 3271562280, 50335752, 1108182096)
(673720360, 3271562280, 37757572, 1887536400)
(673720360, 3271562280, 2164264992, 201482400)
(673720360, 3271562280, 2282127424, 84209856)
(673720360, 3271562280, 1611271808, 302547200)
(673720360, 3271562280, 4027320336, 1912703072)
(673720360, 3271562280, 1342571184, 570723632)
(673720360, 3271562280, 3758623744, 1644530800)
(673720360, 3271562280, 1073874592, 838895904)
(673720360, 3271562280, 3489923120, 1376354368)
(673720360, 3271562280, 1879968400, 34374928)
(673720360, 3271562280, 312475906, 151531520)
(673720360, 3271562280, 308283654, 100983008)
(673720360, 3271562280, 106979460, 302287202)
(673720360, 3271562280, 2147647616, 218165248)
(673720360, 3271562280, 33686144, 1879084288)
(673720360, 3271562280, 1147167908, 1342475586)
(673720360, 3271562280, 1276003400, 34349280)
(673720360, 3271562280, 102908032, 310739314)
(673720360, 3271562280, 159920642, 101236736)
(673720360, 3271562280, 2366382096, 938128)
(673720360, 3271562280, 92537394, 168095792)
(673720360, 3271562280, 2147569760, 218308832)
(673720360, 3271562280, 143225410, 118063168)
(673720360, 3271562280, 2349686864, 17764560)
(673720360, 3271562280, 75842162, 184922224)
(673720360, 3271562280, 1077946020, 847348016)
(673720360, 3271562280, 1073849496, 235126832)
(673720360, 62920740, 3221234688, 2382446768)
(673720360, 62920740, 2164300288, 2382446768)
(673720360, 62920740, 1158173864, 185217024)
(673720360, 62920740, 1073873928, 234905760)
(673720360, 62920740, 2298777696, 134881312)
(673720360, 62920740, 2147614720, 17608768)
(673720360, 62920740, 2166659136, 2382446768)
(673720360, 62920740, 1241809992, 67559648)
(673720360, 62920740, 1509958914, 2382446768)
(673720360, 62920740, 339886348, 809500942)
(673720360, 62920740, 12632856, 2382446768)
(673720360, 62920740, 675430704, 809500942)
(673720360, 62920740, 348177164, 809500942)
(673720360, 62920740, 1010975012, 2382446768)
(673720360, 62920740, 683721520, 809500942)
(673720360, 62920740, 4342040, 2382446768)
(673720360, 62920740, 2248687744, 117895360)
(673720360, 62920740, 2181070976, 51261632)
(673720360, 62920740, 2155905536, 2382446768)
(673720360, 62920740, 2158264384, 2382446768)
(673720360, 62920740, 1309426760, 925920)
(673720360, 62920740, 19241048, 2382446768)
(673720360, 62920740, 2366394464, 201515040)
(673720360, 62920740, 92566082, 101204096)
(673720360, 62920740, 2164285520, 970768)
(673720360, 62920740, 159924850, 168063152)
(673720360, 62920740, 2349666336, 218341472)
(673720360, 62920740, 75837954, 118030528)
(673720360, 62920740, 143196722, 184889584)
(673720360, 62920740, 1090557096, 251850752)
(673720360, 62920740, 16882200, 2382446768)
(673720360, 1093178880, 1143096480, 3624019328)
(673720360, 1093178880, 1101665410, 2776651778)
(673720360, 1093178880, 1141523592, 2776651778)
(673720360, 1093178880, 33825472, 3624019328)
(673720360, 1093178880, 567030468, 3624019328)
(673720360, 1093178880, 157718598, 2776651778)
(673720360, 1093178880, 2286059524, 2776651778)
(673720360, 1093178880, 3221881984, 2776651778)
(673720360, 1093178880, 438313216, 2425432)
(673720360, 1093178880, 276857098, 3624019328)
(673720360, 1093178880, 33817880, 2425432)
(673720360, 1093178880, 145007890, 3624019328)
(673720360, 1093178880, 413180162, 2425432)
(673720360, 1093178880, 170140944, 3624019328)
(673720360, 1093178880, 8684826, 2425432)
(673720360, 1093178880, 817922316, 3624019328)
(673720360, 1093178880, 205701132, 2776651778)
(673720360, 1093178880, 33686144, 3624019328)
(673720360, 1093178880, 2147647616, 2776651778)
(673720360, 1093178880, 1143235808, 3624019328)
(673720360, 1093178880, 1279935500, 2776651778)
(673720360, 1093178880, 639649792, 2776651778)
(673720360, 1093178880, 67289224, 2776651778)
(673720360, 1093178880, 33837080, 2776651778)
(673720360, 1093178880, 539416720, 2776651778)
(673720360, 1093178880, 84115656, 2425432)
(673720360, 1093178880, 656476224, 2425432)
(673720360, 1093178880, 50663512, 2425432)
(673720360, 1093178880, 201679472, 3624019328)
(673720360, 1093178880, 3360293892, 2776651778)
(673720360, 1093178880, 1243808784, 3624019328)
(673720360, 157291140, 1862300672, 346145040)
(673720360, 157291140, 2214617088, 10562064)
(673720360, 157291140, 27398146, 553914442)
(673720360, 157291140, 67256328, 553914442)
(673720360, 157291140, 151392354, 348242708)
(673720360, 157291140, 19273794, 553914442)
(673720360, 157291140, 2147614720, 553914442)
(673720360, 157291140, 1611007200, 346571008)
(673720360, 157291140, 3490186656, 553914442)
(673720360, 157291140, 474005804, 553914442)
(673720360, 157291140, 2217232384, 8978960)
(673720360, 157291140, 100688002, 348668676)
(673720360, 157291140, 2415943700, 346106372)
(673720360, 157291140, 304629910, 14707472)
(673720360, 157291140, 103303298, 350251780)
(673720360, 157291140, 2418558996, 344523268)
(673720360, 157291140, 302014614, 13124368)
(673720360, 157291140, 2155905536, 69322768)
(673720360, 157291140, 2181070976, 553914442)
(673720360, 157291140, 1678009568, 279585024)
(673720360, 157291140, 395842, 553914442)
(673720360, 157291140, 639682688, 553914442)
(673720360, 157291140, 33869976, 553914442)
(673720360, 157291140, 539383824, 553914442)
(673720360, 157291140, 84082760, 2225162768)
(673720360, 157291140, 656509120, 2225162768)
(673720360, 157291140, 556210256, 2225162768)
(673720360, 157291140, 50696408, 2225162768)
(673720360, 157291140, 218394722, 281256724)
(673720360, 157291140, 1795298304, 279159056)
(673720360, 157291140, 564334608, 2225162768)
(673720360, 2676480, 295702818, 168304672)
(673720360, 2676480, 11163010, 1719671042)
(673720360, 2676480, 294129930, 570951712)
(673720360, 2676480, 550253508, 545265954)
(673720360, 2676480, 831000908, 34080870)
(673720360, 2676480, 291772706, 169541664)
(673720360, 2676480, 140941638, 320438340)
(673720360, 2676480, 289671714, 169067552)
(673720360, 2676480, 1145316000, 1141377094)
(673720360, 2676480, 35800192, 1678247936)
(673720360, 2676480, 2567446528, 454140004)
(673720360, 2676480, 293601826, 167830560)
(673720360, 2676480, 2165310500, 50955328)
(673720360, 2676480, 160966150, 303611908)
(673720360, 2676480, 428352002, 34128896)
(673720360, 2676480, 2300060676, 184656992)
(673720360, 2676480, 26215974, 437313572)
(673720360, 2676480, 33686144, 1677760768)
(673720360, 2676480, 2147647616, 35324132)
(673720360, 2676480, 1147430048, 1140889926)
(673720360, 2676480, 1275741260, 34087140)
(673720360, 2676480, 40133760, 33593702)
(673720360, 2676480, 2149147776, 33613028)
(673720360, 2676480, 3825731584, 8917250)
(673720360, 2676480, 1140982432, 570464544)
(673720360, 2676480, 3222278180, 613419302)
(673720360, 2676480, 1612323460, 102269188)
(673720360, 2676480, 2148602212, 1687226470)
(673720360, 2676480, 67306464, 1644271712)
(673720360, 2676480, 2752055616, 1082724418)
(673720360, 2676480, 1276223564, 34850020)
(673720360, 5157120, 855670016, 672727554)
(673720360, 5157120, 1308688128, 1427734530)
(673720360, 5157120, 1152013728, 578820384)
(673720360, 5157120, 1434980648, 1711802370)
(673720360, 5157120, 864039168, 673710082)
(673720360, 5157120, 46936960, 41949542)
(673720360, 5157120, 327684360, 537397282)
(673720360, 5157120, 864157696, 677675010)
(673720360, 5157120, 2569535488, 2100396034)
(673720360, 5157120, 264110080, 341344258)
(673720360, 5157120, 2769551360, 1091403778)
(673720360, 5157120, 464125952, 5013506)
(673720360, 5157120, 664141824, 1014005762)
(673720360, 5157120, 2369519616, 1764065282)
(673720360, 5157120, 4465282, 526436)
(673720360, 5157120, 855788544, 676692482)
(673720360, 5157120, 539116740, 1174931524)
(673720360, 5157120, 2189459456, 39268)
(673720360, 5157120, 2147517056, 1679360642)
(673720360, 5157120, 543450308, 1174444356)
(673720360, 5157120, 1280049740, 1680343170)
(673720360, 5157120, 6579330, 1711315202)
(673720360, 5157120, 2155675776, 1684308098)
(673720360, 5157120, 537002692, 536910114)
(673720360, 5157120, 2148010084, 42471680)
(673720360, 5157120, 68819680, 68714758)
(673720360, 5157120, 2752516160, 646973732)
(673720360, 5157120, 3826323712, 1720780900)
(673720360, 5157120, 3221817636, 1116278848)
(673720360, 5157120, 1610810244, 1610717282)
(673720360, 5157120, 1278312524, 1683325570)
(673720360, 2181059880, 21800, 3422695808)
(673720360, 2181059880, 294129930, 3422695808)
(673720360, 2181059880, 295702818, 3211852)
(673720360, 2181059880, 33558792, 3422695808)
(673720360, 2181059880, 835457288, 3422695808)
(673720360, 2181059880, 2147488032, 3211852)
(673720360, 2181059880, 287316326, 3211852)
(673720360, 2181059880, 2982936576, 3422695808)
(673720360, 2181059880, 3427663872, 3211852)
(673720360, 2181059880, 539151488, 2977975298)
(673720360, 2181059880, 842024964, 3211852)
(673720360, 2181059880, 269664396, 2977975298)
(673720360, 2181059880, 572541952, 2977975298)
(673720360, 2181059880, 181384, 3211852)
(673720360, 2181059880, 303054860, 2977975298)
(673720360, 2181059880, 808634500, 3211852)
(673720360, 2181059880, 2441609218, 3422695808)
(673720360, 2181059880, 2147647616, 3211852)
(673720360, 2181059880, 33686144, 3422695808)
(673720360, 2181059880, 1142973668, 3422695808)
(673720360, 2181059880, 1280197640, 3211852)
(673720360, 2181059880, 138855432, 3211852)
(673720360, 2181059880, 135480864, 3211852)
(673720360, 2181059880, 3288989824, 3211852)
(673720360, 2181059880, 144748802, 3422695808)
(673720360, 2181059880, 238035204, 3422695808)
(673720360, 2181059880, 76579086, 3422695808)
(673720360, 2181059880, 1311842372, 3211852)
(673720360, 2181059880, 1150386254, 3211852)
(673720360, 2181059880, 1107365960, 3211852)
(673720360, 2181059880, 1218555970, 3211852)
(673720360, 2688815370, 2684358912, 1142104072)
(673720360, 2688815370, 1996503296, 1142104072)
(673720360, 2688815370, 4362, 2283803588)
(673720360, 2688815370, 294147368, 2283803588)
(673720360, 2688815370, 541331720, 2283803588)
(673720360, 2688815370, 327684360, 2283803588)
(673720360, 2688815370, 864039168, 1142104072)
(673720360, 2688815370, 2475163648, 2283803588)
(673720360, 2688815370, 4500128, 2479097888)
(673720360, 2688815370, 340797474, 1142104072)
(673720360, 2688815370, 340820616, 2479097888)
(673720360, 2688815370, 4466722, 2479097888)
(673720360, 2688815370, 4489864, 1142104072)
(673720360, 2688815370, 340787210, 2479097888)
(673720360, 2688815370, 340830880, 1142104072)
(673720360, 2688815370, 2441626656, 2283803588)
(673720360, 2688815370, 2282243652, 1142104072)
(673720360, 2688815370, 42074114, 2479097888)
(673720360, 2688815370, 131714, 2283803588)
(673720360, 2688815370, 1684283588, 2283803588)
(673720360, 2688815370, 139216460, 1142104072)
(673720360, 2688815370, 138724872, 1142104072)
(673720360, 2688815370, 676790784, 1142104072)
(673720360, 2688815370, 2148008644, 1142104072)
(673720360, 2688815370, 178303232, 2283803588)
(673720360, 2688815370, 204480774, 2283803588)
(673720360, 2688815370, 110133516, 2283803588)
(673720360, 2688815370, 1278287942, 1142104072)
(673720360, 2688815370, 1183940684, 1142104072)
(673720360, 2688815370, 1073811530, 1142104072)
(673720360, 2688815370, 1252110400, 1142104072)
(673720360, 1275212160, 704665344, 33576232)
(673720360, 1275212160, 2130771200, 33576232)
(673720360, 1275212160, 33586944, 1431666818)
(673720360, 1275212160, 869020032, 677642370)
(673720360, 1275212160, 41956096, 422052354)
(673720360, 1275212160, 140775782, 33576232)
(673720360, 1275212160, 424057122, 33576232)
(673720360, 1275212160, 3580100608, 2100363394)
(673720360, 1275212160, 1139933184, 341311618)
(673720360, 1275212160, 3914858496, 1091371138)
(673720360, 1275212160, 1474691072, 4980866)
(673720360, 1275212160, 4249616384, 1427701890)
(673720360, 1275212160, 1809448960, 1013973122)
(673720360, 1275212160, 3245342720, 1764032642)
(673720360, 1275212160, 4457122, 33576232)
(673720360, 1275212160, 572540100, 33576232)
(673720360, 1275212160, 822116556, 426017282)
(673720360, 1275212160, 2156036096, 33576232)
(673720360, 1275212160, 42074624, 1428685442)
(673720360, 1275212160, 543442148, 33576232)
(673720360, 1275212160, 33705472, 425033730)
(673720360, 1275212160, 13030664, 33576232)
(673720360, 1275212160, 675567392, 33576232)
(673720360, 1275212160, 684900640, 33576232)
(673720360, 1275212160, 5260040, 33576232)
(673720360, 1275212160, 680755232, 2824142978)
(673720360, 1275212160, 671421984, 2824142978)
(673720360, 1275212160, 8885256, 2824142978)
(673720360, 1275212160, 36797696, 1432650370)
(673720360, 1275212160, 169873734, 33576232)
(673720360, 1275212160, 45166848, 421068802)
(673720360, 136319940, 1845523712, 541331722)
(673720360, 136319940, 989912832, 541331722)
(673720360, 136319940, 296244642, 167797920)
(673720360, 136319940, 10621186, 453648384)
(673720360, 136319940, 138809634, 541331722)
(673720360, 136319940, 426023270, 541331722)
(673720360, 136319940, 6691074, 319931588)
(673720360, 136319940, 1145315490, 541331722)
(673720360, 136319940, 1426096296, 453174272)
(673720360, 136319940, 570573952, 541331722)
(673720360, 136319940, 2432721988, 454107364)
(673720360, 136319940, 2300067936, 50922688)
(673720360, 136319940, 26239554, 303579268)
(673720360, 136319940, 2567455844, 320405700)
(673720360, 136319940, 293627462, 34096256)
(673720360, 136319940, 2165334080, 184624352)
(673720360, 136319940, 160973410, 437280932)
(673720360, 136319940, 2155905536, 541331722)
(673720360, 136319940, 2181070976, 135382048)
(673720360, 136319940, 1682203808, 541331722)
(673720360, 136319940, 4590082, 454149120)
(673720360, 136319940, 12900104, 541331722)
(673720360, 136319940, 675697952, 541331722)
(673720360, 136319940, 684770080, 541331722)
(673720360, 136319940, 5390600, 541331722)
(673720360, 136319940, 680624672, 2316387488)
(673720360, 136319940, 671552544, 2316387488)
(673720360, 136319940, 8754696, 2316387488)
(673720360, 136319940, 7682306, 318956740)
(673720360, 136319940, 1308635394, 541331722)
(673720360, 136319940, 11612418, 454623232)
(673720360, 1686116610, 2818626816, 2161584128)
(673720360, 1686116610, 2147548416, 2632192)
(673720360, 1686116610, 2130771200, 2675968)
(673720360, 1686116610, 541856204, 2161584128)
(673720360, 1686116610, 864563652, 2161584128)
(673720360, 1686116610, 2147653888, 2772480)
(673720360, 1686116610, 419600742, 5035776)
(673720360, 1686116610, 2137260032, 4990976)
(673720360, 1686116610, 4489354, 2161584128)
(673720360, 1686116610, 4467232, 1459617832)
(673720360, 1686116610, 340830370, 2161584128)
(673720360, 1686116610, 340787720, 1459617832)
(673720360, 1686116610, 4499618, 1459617832)
(673720360, 1686116610, 340820106, 1459617832)
(673720360, 1686116610, 340797984, 2161584128)
(673720360, 1686116610, 2282243142, 2161584128)
(673720360, 1686116610, 419431014, 5131264)
(673720360, 1686116610, 2147516546, 2161584128)
(673720360, 1686116610, 33555074, 11163392)
(673720360, 1686116610, 2155930624, 11023104)
(673720360, 1686116610, 139215950, 2161584128)
(673720360, 1686116610, 675599624, 2161584128)
(673720360, 1686116610, 38545538, 15105280)
(673720360, 1686116610, 40899714, 14303488)
(673720360, 1686116610, 2153266176, 7400192)
(673720360, 1686116610, 36787586, 10158080)
(673720360, 1686116610, 2149154048, 3254784)
(673720360, 1686116610, 34433410, 10959872)
(673720360, 1686116610, 2149925120, 890368)
(673720360, 1686116610, 2684883396, 2161584128)
(673720360, 1686116610, 2149259520, 3395072)
(673720360, 41949540, 2147523328, 5122560)
(673720360, 41949540, 2130746112, 5166336)
(673720360, 41949540, 1141396904, 2159103488)
(673720360, 41949540, 1437077922, 2159103488)
(673720360, 41949540, 2286194976, 2159103488)
(673720360, 41949540, 2154076416, 2762752)
(673720360, 41949540, 426023270, 5026048)
(673720360, 41949540, 3461087232, 2159103488)
(673720360, 41949540, 2130837504, 5000704)
(673720360, 41949540, 33604744, 2159103488)
(673720360, 41949540, 539118592, 822083662)
(673720360, 41949540, 842057860, 2159103488)
(673720360, 41949540, 269631500, 822083662)
(673720360, 41949540, 572574848, 822083662)
(673720360, 41949540, 303087756, 822083662)
(673720360, 41949540, 808601604, 2159103488)
(673720360, 41949540, 419456102, 2640896)
(673720360, 41949540, 2181070976, 2159103488)
(673720360, 41949540, 2155905536, 13513472)
(673720360, 41949540, 2162458624, 11153664)
(673720360, 41949540, 1313621000, 2159103488)
(673720360, 41949540, 138728744, 2159103488)
(673720360, 41949540, 36195458, 14974720)
(673720360, 41949540, 2151438336, 7530752)
(673720360, 41949540, 34893954, 14172928)
(673720360, 41949540, 2155682048, 3385344)
(673720360, 41949540, 39137666, 10027520)
(673720360, 41949540, 2151752960, 1020928)
(673720360, 41949540, 40439170, 10829312)
(673720360, 41949540, 3288863136, 2159103488)
(673720360, 41949540, 2149128960, 5745152)
(673720360, 1879182720, 369126144, 371736832)
(673720360, 1879182720, 2130771200, 371736832)
(673720360, 1879182720, 1040204544, 1094816918)
(673720360, 1879182720, 868233612, 4204710)
(673720360, 1879182720, 847250176, 16783914)
(673720360, 1879182720, 274991462, 371736832)
(673720360, 1879182720, 425892102, 371736832)
(673720360, 1879182720, 100950240, 371736832)
(673720360, 1879182720, 17608896, 21010982)
(673720360, 1879182720, 3242202148, 1090600114)
(673720360, 1879182720, 1136787504, 4199578)
(673720360, 1879182720, 3242207256, 1090584718)
(673720360, 1879182720, 1136792612, 4194446)
(673720360, 1879182720, 3242212364, 1090589850)
(673720360, 1879182720, 1136797720, 4209842)
(673720360, 1879182720, 3242197040, 1090594982)
(673720360, 1879182720, 6292102, 371736832)
(673720360, 1879182720, 2156036096, 371736832)
(673720360, 1879182720, 42074624, 1090524842)
(673720360, 1879182720, 73687268, 371736832)
(673720360, 1879182720, 235028992, 21075990)
(673720360, 1879182720, 302254434, 371736832)
(673720360, 1879182720, 847315248, 16848922)
(673720360, 1879182720, 348832004, 371736832)
(673720360, 1879182720, 341863172, 371736832)
(673720360, 1879182720, 14870800, 371736832)
(673720360, 1879182720, 4735760, 371736832)
(673720360, 1879182720, 337717764, 2151753878)
(673720360, 1879182720, 344686596, 2151753878)
(673720360, 1879182720, 10725392, 2151753878)
(673720360, 1879182720, 1040269616, 1094751910)
(673720360, 268700640, 1979739392, 273162502)
(673720360, 268700640, 520157952, 273162502)
(673720360, 268700640, 362828202, 639649920)
(673720360, 268700640, 276955426, 587339784)
(673720360, 268700640, 274860294, 273162502)
(673720360, 268700640, 426023270, 273162502)
(673720360, 268700640, 406978854, 117821648)
(673720360, 268700640, 100819072, 273162502)
(673720360, 268700640, 2768523328, 589633744)
(673720360, 268700640, 2166376536, 117506248)
(673720360, 268700640, 562053714, 33837208)
(673720360, 268700640, 2233751624, 50663640)
(673720360, 268700640, 629428802, 100679816)
(673720360, 268700640, 2701148240, 656476352)
(673720360, 268700640, 27282010, 572807312)
(673720360, 268700640, 1616905350, 273162502)
(673720360, 268700640, 1093178496, 654497792)
(673720360, 268700640, 2155905536, 273162502)
(673720360, 268700640, 2181070976, 69322768)
(673720360, 268700640, 1684038788, 273162502)
(673720360, 268700640, 138543622, 117561360)
(673720360, 268700640, 1912605954, 273162502)
(673720360, 268700640, 813760818, 50403352)
(673720360, 268700640, 348701444, 273162502)
(673720360, 268700640, 341993732, 273162502)
(673720360, 268700640, 14740240, 273162502)
(673720360, 268700640, 4866320, 273162502)
(673720360, 268700640, 337848324, 2250328208)
(673720360, 268700640, 344556036, 2250328208)
(673720360, 268700640, 10594832, 2250328208)
(673720360, 268700640, 943784246, 654758080)
(673720360, 1484793090, 2483087616, 2831351828)
(673720360, 1484793090, 3154166016, 671089192)
(673720360, 1484793090, 2130771200, 335593768)
(673720360, 1484793090, 273424844, 2831351828)
(673720360, 1484793090, 864301512, 2831351828)
(673720360, 1484793090, 2550300928, 201474600)
(673720360, 1484793090, 421960002, 339788556)
(673720360, 1484793090, 2214873162, 2831351828)
(673720360, 1484793090, 19143234, 205668364)
(673720360, 1484793090, 1128283172, 675282956)
(673720360, 1484793090, 4751494, 2831351828)
(673720360, 1484793090, 677380612, 1126700032)
(673720360, 1484793090, 677418130, 2831351828)
(673720360, 1484793090, 4724240, 1126700032)
(673720360, 1484793090, 677412998, 1126700032)
(673720360, 1484793090, 4756626, 1126700032)
(673720360, 1484793090, 677385744, 2831351828)
(673720360, 1484793090, 2147516546, 2831351828)
(673720360, 1484793090, 33555074, 344081192)
(673720360, 1484793090, 2759901184, 813695784)
(673720360, 1484793090, 72108110, 2831351828)
(673720360, 1484793090, 2416189896, 2831351828)
(673720360, 1484793090, 2550333720, 201572912)
(673720360, 1484793090, 340322564, 2831351828)
(673720360, 1484793090, 708837518, 1019363620)
(673720360, 1484793090, 373293234, 12730648)
(673720360, 1484793090, 3158310936, 675332912)
(673720360, 1484793090, 704725390, 1015218212)
(673720360, 1484793090, 2147565860, 335643148)
(673720360, 1484793090, 369181106, 8585240)
(673720360, 1484793090, 3154198808, 671187504)
(673720360, 446955840, 2550170368, 675414540)
(673720360, 446955840, 1526775552, 339919116)
(673720360, 446955840, 1411925384, 2357281328)
(673720360, 446955840, 1369445802, 2357281328)
(673720360, 446955840, 2422245636, 2357281328)
(673720360, 446955840, 2554364196, 671219752)
(673720360, 446955840, 426023270, 809533708)
(673720360, 446955840, 101236864, 2357281328)
(673720360, 446955840, 201482272, 17576002)
(673720360, 446955840, 168095920, 2357281328)
(673720360, 446955840, 938000, 17576002)
(673720360, 446955840, 234938528, 17576002)
(673720360, 446955840, 34394256, 17576002)
(673720360, 446955840, 134639664, 2357281328)
(673720360, 446955840, 623138882, 201343016)
(673720360, 446955840, 3258977292, 2357281328)
(673720360, 446955840, 1124219904, 205537804)
(673720360, 446955840, 2181070976, 2357281328)
(673720360, 446955840, 2155905536, 818021132)
(673720360, 446955840, 2160099364, 813826344)
(673720360, 446955840, 1179143180, 2357281328)
(673720360, 446955840, 3491759496, 2357281328)
(673720360, 446955840, 2550203160, 675512852)
(673720360, 446955840, 342411524, 2357281328)
(673720360, 446955840, 234897578, 1019233060)
(673720360, 446955840, 2550153276, 675463472)
(673720360, 446955840, 838877334, 12600088)
(673720360, 446955840, 2755723520, 335773708)
(673720360, 446955840, 239141290, 1015087652)
(673720360, 446955840, 2554396988, 671318064)
(673720360, 446955840, 843121046, 8454680)
(673720360, 335594280, 295702818, 572524552)
(673720360, 335594280, 344080810, 1518347522)
(673720360, 335594280, 294129930, 169877512)
(673720360, 335594280, 818160588, 413147394)
(673720360, 335594280, 294400328, 170131530)
(673720360, 335594280, 425726246, 35850264)
(673720360, 335594280, 407275878, 50696280)
(673720360, 335594280, 100810912, 1207968776)
(673720360, 335594280, 2701137928, 589666384)
(673720360, 335594280, 27267586, 639682560)
(673720360, 335594280, 2233729040, 117538888)
(673720360, 335594280, 629410330, 33869848)
(673720360, 335594280, 562043402, 100712456)
(673720360, 335594280, 2768504856, 656508992)
(673720360, 335594280, 94634514, 572839952)
(673720360, 335594280, 157291014, 103008272)
(673720360, 335594280, 1616905860, 1208222794)
(673720360, 335594280, 33686144, 1476437248)
(673720360, 335594280, 2147647616, 36110552)
(673720360, 335594280, 1684030628, 1476691266)
(673720360, 335594280, 1141787720, 572784840)
(673720360, 335594280, 3355452424, 276824330)
(673720360, 335594280, 1075971712, 438345984)
(673720360, 335594280, 3492020240, 144975122)
(673720360, 335594280, 1476797080, 33850648)
(673720360, 335594280, 2295744, 1512153152)
(673720360, 335594280, 2281776456, 1350631498)
(673720360, 335594280, 2418344272, 1218782290)
(673720360, 335594280, 1611500624, 103268560)
(673720360, 335594280, 641745060, 438600002)
(673720360, 335594280, 2751545496, 639942848)
(673720360, 809664780, 1056993536, 76314)
(673720360, 809664780, 2113982208, 1090622490)
(673720360, 809664780, 1419920808, 446701824)
(673720360, 809664780, 1369969928, 1241523210)
(673720360, 809664780, 864039168, 10282)
(673720360, 809664780, 851444620, 446955842)
(673720360, 809664780, 327684360, 136323082)
(673720360, 809664780, 251817984, 4303382)
(673720360, 809664780, 67526880, 1241777224)
(673720360, 809664780, 58863616, 4237350)
(673720360, 809664780, 2164267048, 1090632754)
(673720360, 809664780, 58854460, 4232218)
(673720360, 809664780, 2164270100, 1090617358)
(673720360, 809664780, 58857512, 4227086)
(673720360, 809664780, 58860564, 4242482)
(673720360, 809664780, 2164263996, 1090627622)
(673720360, 809664780, 541065862, 136577096)
(673720360, 809664780, 2189459456, 405045568)
(673720360, 809664780, 2147517056, 1073817242)
(673720360, 809664780, 608461028, 1510245696)
(673720360, 809664780, 1078726220, 1073751210)
(673720360, 809664780, 402112, 404791554)
(673720360, 809664780, 2284060744, 310378760)
(673720360, 809664780, 404883160, 296218)
(673720360, 809664780, 2415928400, 178529552)
(673720360, 809664780, 3357868296, 1384185928)
(673720360, 809664780, 1074209664, 1478598722)
(673720360, 809664780, 3489735952, 1252336720)
(673720360, 809664780, 1074629744, 1078044310)
(673720360, 809664780, 608190630, 1509991682)
(673720360, 809664780, 2151743676, 1077978278)
(673720360, 2519220480, 338182400, 4026666368)
(673720360, 2519220480, 294129930, 4026666368)
(673720360, 2519220480, 295702818, 852592)
(673720360, 2519220480, 302514432, 4026666368)
(673720360, 2519220480, 298332428, 4026666368)
(673720360, 2519220480, 2418016512, 852592)
(673720360, 2519220480, 421794146, 852592)
(673720360, 2519220480, 201515168, 2374004738)
(673720360, 2519220480, 168063024, 852592)
(673720360, 2519220480, 970896, 2374004738)
(673720360, 2519220480, 234905632, 2374004738)
(673720360, 2519220480, 67813504, 852592)
(673720360, 2519220480, 34361360, 2374004738)
(673720360, 2519220480, 134672560, 852592)
(673720360, 2519220480, 2172653578, 4026666368)
(673720360, 2519220480, 2176856076, 4026666368)
(673720360, 2519220480, 3225553932, 852592)
(673720360, 2519220480, 2147647616, 852592)
(673720360, 2519220480, 33686144, 4026666368)
(673720360, 2519220480, 1680098528, 4026666368)
(673720360, 2519220480, 1145719820, 852592)
(673720360, 2519220480, 3221357704, 852592)
(673720360, 2519220480, 813730082, 4026666368)
(673720360, 2519220480, 570690864, 4026666368)
(673720360, 2519220480, 9209106, 4026666368)
(673720360, 2519220480, 1376321600, 852592)
(673720360, 2519220480, 1887537250, 852592)
(673720360, 2519220480, 1644498032, 852592)
(673720360, 2519220480, 1083016274, 852592)
(673720360, 2519220480, 72009732, 852592)
(673720360, 2519220480, 69421584, 852592)
(673720360, 2420646150, 2415927552, 1611334672)
(673720360, 2420646150, 2063611136, 1611334672)
(673720360, 2420646150, 268960002, 2416184288)
(673720360, 2420646150, 363352328, 2416184288)
(673720360, 2420646150, 273162500, 2416184288)
(673720360, 2420646150, 327684360, 2416184288)
(673720360, 2420646150, 864039168, 1611334672)
(673720360, 2420646150, 2241875976, 2416184288)
(673720360, 2420646150, 2214873672, 1611334672)
(673720360, 2420646150, 2206208008, 2416184288)
(673720360, 2420646150, 677413508, 2346717188)
(673720360, 2420646150, 677385234, 1611334672)
(673720360, 2420646150, 4757136, 2346717188)
(673720360, 2420646150, 677380102, 2346717188)
(673720360, 2420646150, 4752004, 1611334672)
(673720360, 2420646150, 4723730, 2346717188)
(673720360, 2420646150, 677418640, 1611334672)
(673720360, 2420646150, 42074114, 2346717188)
(673720360, 2420646150, 131714, 2416184288)
(673720360, 2420646150, 1615078628, 2416184288)
(673720360, 2420646150, 72108620, 1611334672)
(673720360, 2420646150, 2147746504, 1611334672)
(673720360, 2420646150, 847284512, 2416184288)
(673720360, 2420646150, 537136434, 2416184288)
(673720360, 2420646150, 42763536, 2416184288)
(673720360, 2420646150, 1342767170, 1611334672)
(673720360, 2420646150, 1921091680, 1611334672)
(673720360, 2420646150, 1610943602, 1611334672)
(673720360, 2420646150, 1116570704, 1611334672)
(673720360, 2420646150, 71879172, 1611334672)
(673720360, 2420646150, 4401684, 1611334672)
(178260640, 202162368, 1611009216, 103563328)
(178260640, 202162368, 1611269792, 102779424)
(178260640, 202162368, 71329926, 67912288)
(178260640, 202162368, 40378502, 35916384)
(178260640, 202162368, 1812089856, 8915488)
(178260640, 202162368, 138684486, 44566528)
(178260640, 202162368, 1781138432, 111165984)
(178260640, 202162368, 138945062, 44302944)
(178260640, 2223261768, 1216619586, 8423968)
(178260640, 2223261768, 170172482, 1109397024)
(178260640, 2223261768, 750927876, 44075008)
(178260640, 2223261768, 738378272, 39848484)
(178260640, 2223261768, 1686258816, 1077970468)
(178260640, 2223261768, 12853446, 1113621508)
(178260640, 2223261768, 303842, 1117783584)
(178260640, 2223261768, 639811712, 48235044)
(178260640, 13421568, 1824915456, 4998688)
(178260640, 13421568, 1722417152, 169887264)
(178260640, 13421568, 142632006, 40649728)
(178260640, 13421568, 8921702, 174326304)
(178260640, 13421568, 1812089856, 170393728)
(178260640, 13421568, 138684486, 134742688)
(178260640, 13421568, 1678379552, 35669664)
(178260640, 13421568, 36186182, 40108704)
(178260640, 2286175368, 1145317506, 169902208)
(178260640, 2286175368, 4500002, 1310720544)
(178260640, 2286175368, 537021636, 134251168)
(178260640, 2286175368, 572705792, 169869924)
(178260640, 2286175368, 1686258816, 1176535108)
(178260640, 2286175368, 12853446, 1140884068)
(178260640, 2286175368, 48537602, 1176502944)
(178260640, 2286175368, 545441312, 35652324)
(178260640, 76335168, 1611009216, 103563328)
(178260640, 76335168, 1611271712, 102777504)
(178260640, 76335168, 71329926, 67912288)
(178260640, 76335168, 40380422, 35914464)
(178260640, 76335168, 1686258816, 134742688)
(178260640, 76335168, 12853446, 170393728)
(178260640, 76335168, 1655309312, 236995104)
(178260640, 76335168, 13115942, 170132064)
(178260640, 2349088968, 1216619586, 134251168)
(178260640, 2349088968, 44343362, 1109395104)
(178260640, 2349088968, 750927876, 169902208)
(178260640, 2349088968, 612549152, 39846564)
(178260640, 2349088968, 1812089856, 1077970468)
(178260640, 2349088968, 138684486, 1113621508)
(178260640, 2349088968, 305762, 1243612704)
(178260640, 2349088968, 639813632, 174064164)
(178260640, 139248768, 1824915456, 4998688)
(178260640, 139248768, 1848246272, 44058144)
(178260640, 139248768, 142632006, 40649728)
(178260640, 139248768, 134750822, 48497184)
(178260640, 139248768, 1686258816, 44566528)
(178260640, 139248768, 12853446, 8915488)
(178260640, 139248768, 1678377632, 35671584)
(178260640, 139248768, 36184262, 40110624)
(178260640, 2160348168, 1145317506, 44075008)
(178260640, 2160348168, 4498082, 1184891424)
(178260640, 2160348168, 537021636, 8423968)
(178260640, 2160348168, 572703872, 44040804)
(178260640, 2160348168, 1812089856, 1176535108)
(178260640, 2160348168, 138684486, 1140884068)
(178260640, 2160348168, 174366722, 1176504864)
(178260640, 2160348168, 671270432, 35654244)
(178260640, 1717960704, 7128576, 5000320)
(178260640, 1717960704, 13391104, 5000320)
(178260640, 1717960704, 3290432076, 5000320)
(178260640, 1717960704, 3422556484, 5000320)
(178260640, 1717960704, 38552616, 5000320)
(178260640, 1717960704, 3321921636, 5000320)
(178260640, 1717960704, 34840736, 5000320)
(178260640, 1717960704, 34809896, 5000320)
(178260640, 1145315874, 2185511976, 176193568)
(178260640, 1145315874, 570429866, 9535496)
(178260640, 1145315874, 1174962276, 144736768)
(178260640, 1145315874, 570464546, 170983968)
(178260640, 1145315874, 2185544736, 176160808)
(178260640, 1145315874, 1174929516, 144704008)
(178260640, 1145315874, 2161460224, 135364616)
(178260640, 1145315874, 1276706884, 45154848)
(178260640, 1611007584, 101498976, 210518080)
(178260640, 1611007584, 84693184, 210518080)
(178260640, 1611007584, 3258975276, 210518080)
(178260640, 1611007584, 3242204164, 210518080)
(178260640, 1611007584, 70009416, 210518080)
(178260640, 1611007584, 3227551236, 210518080)
(178260640, 1611007584, 10723856, 210518080)
(178260640, 1611007584, 136520216, 210518080)
(178260640, 1109664834, 2216968776, 2132608)
(178260640, 1109664834, 564138506, 98456)
(178260640, 1109664834, 1080591876, 33589408)
(178260640, 1109664834, 690000386, 35719728)
(178260640, 1109664834, 2217001536, 2099848)
(178260640, 1109664834, 1080559116, 33556648)
(178260640, 1109664834, 2214936784, 100376)
(178260640, 1109664834, 1078529044, 35717808)
(178260640, 1682309664, 7128576, 147604480)
(178260640, 1682309664, 5004544, 147604480)
(178260640, 1682309664, 3290432076, 147604480)
(178260640, 1682309664, 3288338884, 147604480)
(178260640, 1682309664, 7095816, 147604480)
(178260640, 1682309664, 3290464836, 147604480)
(178260640, 1682309664, 5002624, 147604480)
(178260640, 1682309664, 3288340804, 147604480)
(178260640, 1180966914, 2185511976, 33589408)
(178260640, 1180966914, 704647466, 1148936)
(178260640, 1180966914, 1174962276, 2132608)
(178260640, 1180966914, 578851106, 36766368)
(178260640, 1180966914, 2154087936, 2099848)
(178260640, 1180966914, 1143472716, 33556648)
(178260640, 1180966914, 547361546, 1147016)
(178260640, 1180966914, 673223426, 36768288)
(178260640, 1646658624, 101498976, 67913920)
(178260640, 1646658624, 218910784, 67913920)
(178260640, 1646658624, 3258975276, 67913920)
(178260640, 1646658624, 3250590724, 67913920)
(178260640, 1646658624, 101466216, 67913920)
(178260640, 1646658624, 3259008036, 67913920)
(178260640, 1646658624, 93081664, 67913920)
(178260640, 1646658624, 3376419844, 67913920)
(178260640, 1074013794, 2216968776, 144736768)
(178260640, 1074013794, 555751946, 134316056)
(178260640, 1074013794, 1080591876, 176193568)
(178260640, 1074013794, 555782786, 44106288)
(178260640, 1074013794, 2248458336, 176160808)
(178260640, 1074013794, 1112015916, 144704008)
(178260640, 1074013794, 587206826, 8486936)
(178260640, 1074013794, 587241506, 169935408)
(178260640, 1824915456, 139216008, 4998688)
(178260640, 1824915456, 13388808, 4998688)
(178260640, 1824915456, 7099648, 4998688)
(178260640, 1824915456, 3290435908, 4998688)
(178260640, 1824915456, 135504032, 4998688)
(178260640, 1824915456, 9644072, 4998688)
(178260640, 1145317506, 2286208128, 169869448)
(178260640, 1145317506, 2160380928, 44042248)
(178260640, 1145317506, 671093162, 3244040)
(178260640, 1145317506, 545298722, 145819776)
(178260640, 1145317506, 545266442, 34701320)
(178260640, 1145317506, 671126402, 177277056)
(178260640, 537021636, 1149765708, 134218408)
(178260640, 537021636, 1275592908, 8391208)
(178260640, 537021636, 704647562, 1147400)
(178260640, 537021636, 578853122, 143723136)
(178260640, 537021636, 547363082, 1146920)
(178260640, 537021636, 673223042, 143722656)
(178260640, 142632006, 3296757828, 40649728)
(178260640, 142632006, 3422585028, 40649728)
(178260640, 142632006, 5003008, 40649728)
(178260640, 142632006, 3288339268, 40649728)
(178260640, 142632006, 169058432, 40649728)
(178260640, 142632006, 43198472, 40649728)
(178260640, 101498976, 1711425024, 2624128)
(178260640, 101498976, 1679967264, 145228288)
(178260640, 101498976, 1611271328, 209734272)
(178260640, 101498976, 38283398, 144967872)
(178260640, 101498976, 2418344272, 211830912)
(178260640, 101498976, 2483110672, 142871232)
(178260640, 2216968776, 1679967264, 1077972100)
(178260640, 2216968776, 1711425024, 1220576260)
(178260640, 2216968776, 176463938, 1216351872)
(178260640, 2216968776, 746766368, 148899972)
(178260640, 2216968776, 305378, 1218448512)
(178260640, 2216968776, 637716608, 146803332)
(178260640, 3258975276, 6561894, 176685088)
(178260640, 3258975276, 38019654, 34080928)
(178260640, 3258975276, 1611271808, 209733792)
(178260640, 3258975276, 6826118, 176425152)
(178260640, 3258975276, 1755972608, 243288192)
(178260640, 3258975276, 147333638, 142870752)
(178260640, 1080591876, 38019654, 1220576260)
(178260640, 1080591876, 6561894, 1077972100)
(178260640, 1080591876, 145006658, 1216351392)
(178260640, 1080591876, 746766848, 180357252)
(178260640, 1080591876, 1342244152, 1249905792)
(178260640, 1080591876, 306250012, 146802852)
(178260640, 7128576, 1711425024, 176685088)
(178260640, 7128576, 1679967264, 34080928)
(178260640, 7128576, 1823080448, 176180352)
(178260640, 7128576, 143139398, 147064992)
(178260640, 7128576, 2438266912, 142625952)
(178260640, 7128576, 2467382272, 180619392)
(178260640, 2185511976, 1679967264, 1283489860)
(178260640, 2185511976, 1711425024, 1140885700)
(178260640, 2185511976, 4500098, 1317013632)
(178260640, 2185511976, 539151488, 142608612)
(178260640, 2185511976, 149200898, 1283459232)
(178260640, 2185511976, 679659008, 176163012)
(178260640, 3290432076, 6561894, 2624128)
(178260640, 3290432076, 38019654, 145228288)
(178260640, 3290432076, 1854537728, 144723072)
(178260640, 3290432076, 143138918, 147065472)
(178260640, 3290432076, 1678379168, 142626432)
(178260640, 3290432076, 34089158, 149162112)
(178260640, 1174962276, 38019654, 1140885700)
(178260640, 1174962276, 6561894, 1283489860)
(178260640, 1174962276, 4499618, 1285556352)
(178260640, 1174962276, 570608768, 142609092)
(178260640, 1174962276, 1429274632, 1283459712)
(178260640, 1174962276, 286327372, 144705732)
(178260640, 1611009216, 76302408, 103563328)
(178260640, 1611009216, 202129608, 103563328)
(178260640, 1611009216, 84693088, 103563328)
(178260640, 1611009216, 3242202148, 103563328)
(178260640, 1611009216, 10725392, 103563328)
(178260640, 1611009216, 136519832, 103563328)
(178260640, 1216619586, 2223294528, 8391208)
(178260640, 1216619586, 2349121728, 134218408)
(178260640, 1216619586, 564140042, 98360)
(178260640, 1216619586, 690000002, 142674096)
(178260640, 1216619586, 721424522, 98840)
(178260640, 1216619586, 595630082, 142674576)
(178260640, 750927876, 1212679308, 44042248)
(178260640, 750927876, 1086852108, 169869448)
(178260640, 750927876, 562043402, 33652760)
(178260640, 750927876, 687903362, 176228496)
(178260640, 750927876, 687870122, 2195480)
(178260640, 750927876, 562075682, 144771216)
(178260640, 71329926, 3359671428, 67912288)
(178260640, 71329926, 3233844228, 67912288)
(178260640, 71329926, 118247488, 67912288)
(178260640, 71329926, 3275756548, 67912288)
(178260640, 71329926, 8628752, 67912288)
(178260640, 71329926, 134423192, 67912288)
(2183692840, 202162368, 1252262976, 545425408)
(2183692840, 202162368, 1243653122, 537274434)
(2183692840, 202162368, 213926436, 8431618)
(2183692840, 202162368, 675447332, 604137474)
(2183692840, 202162368, 1184908416, 67428418)
(2183692840, 202162368, 12845796, 604422208)
(2183692840, 202162368, 1646429312, 545660994)
(2183692840, 202162368, 4235942, 612524034)
(2183692840, 2223261768, 1074007776, 1078469638)
(2183692840, 2223261768, 537789152, 541206534)
(2183692840, 2223261768, 106973316, 1615463428)
(2183692840, 2223261768, 103309442, 1610755074)
(2183692840, 2223261768, 1310739456, 8923138)
(2183692840, 2223261768, 138676836, 545916928)
(2183692840, 2223261768, 135012962, 549593094)
(2183692840, 2223261768, 774520832, 1619141634)
(2183692840, 13421568, 1323565056, 5006338)
(2183692840, 13421568, 1722417152, 671245314)
(2183692840, 13421568, 142624356, 542000128)
(2183692840, 13421568, 8921702, 675684354)
(2183692840, 13421568, 1310739456, 671744128)
(2183692840, 13421568, 138676836, 134750338)
(2183692840, 13421568, 1177036802, 537027714)
(2183692840, 13421568, 537528932, 541466754)
(2183692840, 2286175368, 1145309856, 671252608)
(2183692840, 2286175368, 4500002, 1812078594)
(2183692840, 2286175368, 35671236, 134258818)
(2183692840, 2286175368, 572705792, 671227974)
(2183692840, 2286175368, 1184908416, 1677885508)
(2183692840, 2286175368, 12845796, 1140891718)
(2183692840, 2286175368, 549880352, 1677860994)
(2183692840, 2286175368, 44098562, 537010374)
(2183692840, 2349088968, 1074007776, 1078469638)
(2183692840, 2349088968, 537791072, 541204614)
(2183692840, 2349088968, 106973316, 1615463428)
(2183692840, 2349088968, 103311362, 1610753154)
(2183692840, 2349088968, 1184908416, 134750338)
(2183692840, 2349088968, 12845796, 671744128)
(2183692840, 2349088968, 9183842, 675422214)
(2183692840, 2349088968, 648691712, 1744970754)
(2183692840, 76335168, 1252262976, 671252608)
(2183692840, 76335168, 1117824002, 537272514)
(2183692840, 76335168, 213926436, 134258818)
(2183692840, 76335168, 549618212, 604135554)
(2183692840, 76335168, 1310739456, 67428418)
(2183692840, 76335168, 138676836, 604422208)
(2183692840, 76335168, 1646431232, 671490114)
(2183692840, 76335168, 4237862, 738353154)
(2183692840, 2160348168, 1145309856, 545425408)
(2183692840, 2160348168, 4498082, 1686249474)
(2183692840, 2160348168, 35671236, 8431618)
(2183692840, 2160348168, 572703872, 545398854)
(2183692840, 2160348168, 1310739456, 1677885508)
(2183692840, 2160348168, 138676836, 1140891718)
(2183692840, 2160348168, 675709472, 1677862914)
(2183692840, 2160348168, 169927682, 537012294)
(2183692840, 139248768, 1323565056, 5006338)
(2183692840, 139248768, 1848246272, 545416194)
(2183692840, 139248768, 142624356, 542000128)
(2183692840, 139248768, 134750822, 549855234)
(2183692840, 139248768, 1184908416, 545916928)
(2183692840, 139248768, 12845796, 8923138)
(2183692840, 139248768, 1177034882, 537029634)
(2183692840, 139248768, 537527012, 541468674)
(2183692840, 1717960704, 5170176, 5000320)
(2183692840, 1717960704, 13391104, 5000320)
(2183692840, 1717960704, 3288473676, 5000320)
(2183692840, 1717960704, 3422556484, 5000320)
(2183692840, 1717960704, 541869066, 5000320)
(2183692840, 1717960704, 3825238086, 5000320)
(2183692840, 1717960704, 540115586, 5000320)
(2183692840, 1717960704, 540084746, 5000320)
(2183692840, 1145315874, 2688828426, 679510018)
(2183692840, 1145315874, 570429866, 9535496)
(2183692840, 1145315874, 1678278726, 142778368)
(2183692840, 1145315874, 570464546, 672342018)
(2183692840, 1145315874, 2688861186, 679477258)
(2183692840, 1145315874, 1678245966, 142745608)
(2183692840, 1145315874, 2161460224, 135364616)
(2183692840, 1145315874, 1276706884, 546512898)
(2183692840, 1611007584, 2751742026, 1221067780)
(2183692840, 1611007584, 2231654464, 1221067780)
(2183692840, 1611007584, 1615365126, 1221067780)
(2183692840, 1611007584, 1095242884, 1221067780)
(2183692840, 1611007584, 2215043136, 1221067780)
(2183692840, 1611007584, 1078600716, 1221067780)
(2183692840, 1611007584, 136520216, 1221067780)
(2183692840, 1611007584, 10723856, 1221067780)
(2183692840, 1109664834, 68083776, 536905858)
(2183692840, 1109664834, 184725536, 537077778)
(2183692840, 1109664834, 3225560076, 174208)
(2183692840, 1109664834, 58863656, 98456)
(2183692840, 1109664834, 68051016, 536873098)
(2183692840, 1109664834, 3225592836, 141448)
(2183692840, 1109664834, 67979344, 537075858)
(2183692840, 1109664834, 3225486484, 100376)
(2183692840, 1682309664, 2688828426, 536905858)
(2183692840, 1682309664, 704647466, 1148936)
(2183692840, 1682309664, 1678278726, 174208)
(2183692840, 1682309664, 578851106, 538124418)
(2183692840, 1682309664, 2152129536, 141448)
(2183692840, 1682309664, 1141514316, 536873098)
(2183692840, 1682309664, 42086696, 1147016)
(2183692840, 1682309664, 167948576, 538126338)
(2183692840, 1180966914, 5170176, 147604480)
(2183692840, 1180966914, 5004544, 147604480)
(2183692840, 1180966914, 3288473676, 147604480)
(2183692840, 1180966914, 3288338884, 147604480)
(2183692840, 1180966914, 5137416, 147604480)
(2183692840, 1180966914, 3288506436, 147604480)
(2183692840, 1180966914, 5002624, 147604480)
(2183692840, 1180966914, 3288340804, 147604480)
(2183692840, 1646658624, 68083776, 679510018)
(2183692840, 1646658624, 50507936, 545464338)
(2183692840, 1646658624, 3225560076, 142778368)
(2183692840, 1646658624, 50477096, 134316056)
(2183692840, 1646658624, 604782666, 142745608)
(2183692840, 1646658624, 3762324486, 679477258)
(2183692840, 1646658624, 587241506, 671293458)
(2183692840, 1646658624, 587206826, 8486936)
(2183692840, 1074013794, 2751742026, 1078463620)
(2183692840, 1074013794, 2240041024, 1078463620)
(2183692840, 1074013794, 1615365126, 1078463620)
(2183692840, 1074013794, 1229460484, 1078463620)
(2183692840, 1074013794, 2751774786, 1078463620)
(2183692840, 1074013794, 1615332366, 1078463620)
(2183692840, 1074013794, 2365870144, 1078463620)
(2183692840, 1074013794, 1103631364, 1078463620)
