(2852170240, 3224383680, 1216907336, 47337472)
(2852170240, 3224383680, 3225734216, 47337472)
(2852170240, 3224383680, 101879940, 3356232776)
(2852170240, 3224383680, 75498118, 1544030428)
(2852170240, 3224383680, 1645385800, 47337472)
(2852170240, 3224383680, 638718084, 47337472)
(2852170240, 3224383680, 1619003978, 940048400)
(2852170240, 1620086880, 147376136, 1085954)
(2852170240, 1620086880, 143393920, 5529226)
(2852170240, 1620086880, 2224034310, 2353547276)
(2852170240, 1620086880, 8652418, 140270728)
(2852170240, 1620086880, 143131170, 5265448)
(2852170240, 1620086880, 3288334950, 1348768)
(2852170240, 1620086880, 436895792, 2219068588)
(2852170240, 1623220416, 143132808, 2720137216)
(2852170240, 1623220416, 1288470528, 1145318058)
(2852170240, 1623220416, 3292792968, 2720137216)
(2852170240, 1623220416, 147637248, 4484778)
(2852170240, 1623220416, 2151959688, 2720137216)
(2852170240, 1623220416, 840042632, 2720137216)
(2852170240, 1623220416, 840090692, 2720137216)
(2852170240, 1623220416, 412623362, 269519016)
(2852170240, 1623220416, 2416993862, 1414791200)
(2852170240, 1623220416, 571611272, 2720137216)
(2852170240, 1623220416, 1712492612, 2720137216)
(2852170240, 1623220416, 144192002, 1087656)
(2852170240, 1623220416, 3289395782, 5526560)
(2852170240, 2419089600, 143181896, 1389494272)
(2852170240, 2419089600, 3292842056, 1389494272)
(2852170240, 2419089600, 303203460, 2349615176)
(2852170240, 2419089600, 8390278, 134765788)
(2852170240, 2419089600, 840091720, 1389494272)
(2852170240, 2419089600, 840041604, 1389494272)
(2852170240, 2419089600, 545278538, 671617040)
(2852170240, 814792800, 1221101576, 269517314)
(2852170240, 814792800, 210501760, 1414793866)
(2852170240, 814792800, 2425357830, 3360164876)
(2852170240, 814792800, 75760258, 1549535368)
(2852170240, 814792800, 143131170, 1347422248)
(2852170240, 814792800, 2147501670, 336887968)
(2852170240, 814792800, 168464432, 3292794028)
(2852170240, 5921280, 3225699520, 1680873676)
(2852170240, 5921280, 1216872640, 540053504)
(2852170240, 5921280, 675025920, 1075913152)
(2852170240, 5921280, 605305868, 1275660748)
(2852170240, 5921280, 2689946880, 69273868)
(2852170240, 5921280, 681120000, 1075937728)
(2852170240, 5921280, 2420195632, 3294644428)
(2852170240, 173035530, 143428616, 3357028448)
(2852170240, 173035530, 147341440, 3357028448)
(2852170240, 173035530, 1326120, 75563782)
(2852170240, 173035530, 137891872, 75563782)
(2852170240, 173035530, 372490, 3357028448)
(2852170240, 173035530, 4285314, 3357028448)
(2852170240, 173035530, 136938242, 75563782)
(2852170240, 1112031816, 2151959688, 1713506508)
(2852170240, 1112031816, 147637248, 2147492386)
(2852170240, 1112031816, 143132808, 572686336)
(2852170240, 1112031816, 3292792968, 572673228)
(2852170240, 1112031816, 1288470528, 2147492386)
(2852170240, 1112031816, 414711808, 840075400)
(2852170240, 1112031816, 3564371968, 840057924)
(2852170240, 1112031816, 269486248, 2147492386)
(2852170240, 1112031816, 1414823968, 2147492386)
(2852170240, 1112031816, 2722579712, 1143013700)
(2852170240, 1112031816, 713752832, 2197896)
(2852170240, 1112031816, 4581122, 2147492386)
(2852170240, 1112031816, 76682, 2147492386)
(2852170240, 1348078080, 143147200, 808484864)
(2852170240, 1348078080, 3292807360, 808471756)
(2852170240, 1348078080, 1010565120, 18964672)
(2852170240, 1348078080, 873737228, 151604428)
(2852170240, 1348078080, 178913280, 840089792)
(2852170240, 1348078080, 3328573440, 840043532)
(2852170240, 1348078080, 42085388, 3227536588)
(2852170240, 1515192330, 1221066880, 2551734368)
(2852170240, 1515192330, 210536456, 2551734368)
(2852170240, 1515192330, 336865320, 25232902)
(2852170240, 1515192330, 406323232, 25232902)
(2852170240, 1515192330, 1347420320, 2551734368)
(2852170240, 1515192330, 336889896, 2551734368)
(2852170240, 1515192330, 1614812308, 25232902)
(2852170240, 1010565120, 1212713096, 2551318028)
(2852170240, 1010565120, 209977480, 2551318028)
(2852170240, 1010565120, 403832842, 18964672)
(2852170240, 1010565120, 1097443840, 2551318028)
(2852170240, 1010565120, 94708224, 2551318028)
(2852170240, 1010565120, 153198602, 18964672)
(2852170240, 336865320, 134793416, 311970886)
(2852170240, 336865320, 3293366336, 303071234)
(2852170240, 336865320, 1381517888, 159992908)
(2852170240, 336865320, 454099080, 25265158)
(2852170240, 336865320, 3612672000, 17385538)
(2852170240, 336865320, 2231832592, 2223787078)
(2852170240, 604775436, 134268108, 579357798)
(2852170240, 604775436, 2156416068, 2149720576)
(2852170240, 604775436, 3292841028, 2149720576)
(2852170240, 604775436, 1275101388, 1720191078)
(2852170240, 604775436, 3297249348, 2149720576)
(2852170240, 604775436, 5690368, 2149720576)
(2852170240, 604775436, 10098688, 2149720576)
(2852170240, 604775436, 2153010178, 1712328804)
(2852170240, 604775436, 135270538, 580425760)
(2852170240, 604775436, 27863552, 2149720576)
(2852170240, 604775436, 1164288512, 2149720576)
(2852170240, 604775436, 721485992, 25790466)
(2852170240, 604775436, 3880058912, 16860230)
(2852170240, 675025920, 142869640, 2349994508)
(2852170240, 675025920, 138987656, 2349994508)
(2852170240, 675025920, 135401482, 1075913152)
(2852170240, 675025920, 9835520, 2349994508)
(2852170240, 675025920, 5953536, 2349994508)
(2852170240, 675025920, 1384383568, 1075913152)
(2852170240, 1326120, 3226258496, 34639874)
(2852170240, 1326120, 1208518856, 1184372806)
(2852170240, 1326120, 1113086528, 1284049228)
(2852170240, 1326120, 2688828450, 1645746272)
(2852170240, 1326120, 671088810, 647008292)
(2852170240, 1326120, 1611139808, 3297512518)
(2852170240, 303203460, 3233825860, 271622144)
(2852170240, 303203460, 2215431236, 1425811456)
(2852170240, 303203460, 1088430208, 1557923848)
(2852170240, 303203460, 2149737540, 1355972608)
(2852170240, 303203460, 136454280, 337512448)
(2852170240, 303203460, 671256632, 3301853248)
(2852170240, 2425357830, 134777996, 873726112)
(2852170240, 2425357830, 3293350916, 873726112)
(2852170240, 2425357830, 10510528, 143154268)
(2852170240, 2425357830, 840469540, 873726112)
(2852170240, 2425357830, 848314464, 873726112)
(2852170240, 2425357830, 36187268, 167776280)
(2852170240, 109315716, 3292841028, 2269696)
(2852170240, 109315716, 3297249348, 15625728)
(2852170240, 109315716, 1275101388, 2717909026)
(2852170240, 109315716, 2156416068, 1156459008)
(2852170240, 109315716, 134268108, 2717909026)
(2852170240, 109315716, 3291492932, 5657600)
(2852170240, 109315716, 137376392, 10131456)
(2852170240, 109315716, 1712361572, 2717909026)
(2852170240, 109315716, 580392992, 2717909026)
(2852170240, 109315716, 2419091012, 1414922240)
(2852170240, 109315716, 405807752, 278562816)
(2852170240, 109315716, 839959652, 2717909026)
(2852170240, 109315716, 848824352, 2717909026)
(2852170240, 101879940, 3300933700, 3190784)
(2852170240, 101879940, 3289156676, 16546816)
(2852170240, 101879940, 14704768, 148659208)
(2852170240, 101879940, 3290570820, 13815808)
(2852170240, 101879940, 136454280, 1973248)
(2852170240, 101879940, 939687992, 3234745408)
(2852170240, 2224034310, 201885836, 538186912)
(2852170240, 2224034310, 2219625476, 538186912)
(2852170240, 2224034310, 1084235968, 1552418908)
(2852170240, 2224034310, 639146020, 538186912)
(2852170240, 2224034310, 1653608544, 538186912)
(2852170240, 2224034310, 103295108, 436207640)
(2852170240, 1525678080, 210012296, 18941452)
(2852170240, 1525678080, 1212678280, 18941452)
(2852170240, 1525678080, 671093910, 18941452)
(2852170240, 1525678080, 1615336468, 18941452)
(2852170240, 1525678080, 612645908, 18941452)
(2852170240, 1525678080, 94743040, 18941452)
(2852170240, 1525678080, 1097409024, 18941452)
(2852170240, 1347422880, 134758600, 59329636)
(2852170240, 1347422880, 3293331520, 50429984)
(2852170240, 1347422880, 8535060, 17391682)
(2852170240, 1347422880, 41954348, 3234352198)
(2852170240, 1347422880, 134353042, 159993028)
(2852170240, 1347422880, 167772330, 25234438)
(2852170240, 1347422880, 3326345250, 17416258)
(2852170240, 806535240, 202113160, 17014784)
(2852170240, 806535240, 1220577416, 1171204096)
(2852170240, 806535240, 101486640, 3368029316)
(2852170240, 806535240, 167940272, 3301837828)
(2852170240, 806535240, 2450560052, 1557923968)
(2852170240, 806535240, 420552840, 337543168)
(2852170240, 806535240, 2433836100, 1355941888)
(2852170240, 2417516610, 142657736, 2902786178)
(2852170240, 2417516610, 3301230656, 2902786178)
(2852170240, 2417516610, 2216956440, 2357479616)
(2852170240, 2417516610, 547375688, 671092880)
(2852170240, 2417516610, 2517930032, 143154388)
(2852170240, 2417516610, 848349280, 2902786178)
(2852170240, 2417516610, 840434724, 2902786178)
(2852170240, 101474496, 3301736448, 990969856)
(2852170240, 101474496, 3292823688, 3303931904)
(2852170240, 101474496, 143163528, 3303931904)
(2852170240, 101474496, 840073352, 3303931904)
(2852170240, 101474496, 840059972, 3303931904)
(2852170240, 101474496, 848855072, 990969856)
(2852170240, 101474496, 839928932, 990969856)
(2852170240, 101486640, 3292807240, 874381312)
(2852170240, 101486640, 143147080, 874381312)
(2852170240, 101486640, 840056904, 874381312)
(2852170240, 101486640, 840076420, 874381312)
(2852170240, 101486640, 4031942672, 142630108)
(2852170240, 101486640, 3244363792, 176164880)
(2852170240, 612647496, 1288439808, 32802)
(2852170240, 612647496, 143163528, 1145309354)
(2852170240, 612647496, 1279527048, 1440557568)
(2852170240, 612647496, 412614658, 1414826016)
(2852170240, 612647496, 2416985158, 269484200)
(2852170240, 612647496, 151200392, 278528000)
(2852170240, 612647496, 2164483652, 1414957056)
(2852170240, 2216956440, 210536576, 269524994)
(2852170240, 2216956440, 1221066760, 1414801546)
(2852170240, 2216956440, 143138850, 336857248)
(2852170240, 2216956440, 2147509350, 1347452968)
(2852170240, 2216956440, 2954022992, 1557399688)
(2852170240, 2216956440, 679645232, 3292809448)
(2852170240, 1119888396, 2147534028, 2156414054)
(2852170240, 1119888396, 3292810308, 2156414054)
(2852170240, 1119888396, 2156446788, 420553216)
(2852170240, 1119888396, 269516968, 2156414054)
(2852170240, 1119888396, 1414793248, 2156414054)
(2852170240, 1119888396, 1164257792, 420553216)
(2852170240, 1119888396, 27894272, 420553216)
(2852170240, 8535060, 3225472196, 2559575588)
(2852170240, 8535060, 2214872140, 2559575588)
(2852170240, 8535060, 1347455136, 2559575588)
(2852170240, 8535060, 336855080, 2559575588)
(2852170240, 8535060, 414187552, 17391682)
(2852170240, 8535060, 161587202, 17391682)
(2852170240, 1615332996, 134237388, 865684548)
(2852170240, 1615332996, 143150148, 2260992)
(2852170240, 1615332996, 3292810308, 2247884)
(2852170240, 1615332996, 985137152, 840092740)
(2852170240, 1615332996, 4134797312, 840040584)
(2852170240, 1615332996, 974127242, 25755650)
(2852170240, 1615332996, 4132700162, 16895046)
(2852170240, 671093910, 143131660, 305168384)
(2852170240, 671093910, 3292791820, 305155276)
(2852170240, 671093910, 682229760, 840074252)
(2852170240, 671093910, 3831889920, 840059072)
(2852170240, 671093910, 1380993728, 159468748)
(2852170240, 671093910, 537545408, 2216971468)
(2852170240, 9845760, 3225734336, 1677920716)
(2852170240, 9845760, 1216907456, 537100544)
(2852170240, 9845760, 1342180080, 69272332)
(2852170240, 9845760, 1611270848, 3290696908)
(2852170240, 9845760, 413138992, 1283525068)
(2852170240, 9845760, 2691056640, 69304588)
(2852170240, 9845760, 682229760, 1075907008)
(2852170240, 672404610, 147376256, 1074340162)
(2852170240, 672404610, 143393800, 1074340162)
(2852170240, 672404610, 1520435280, 1074340162)
(2852170240, 672404610, 1375994968, 1074340162)
(2852170240, 672404610, 1379945168, 1074340162)
(2852170240, 672404610, 4320130, 1074340162)
(2852170240, 672404610, 337674, 1074340162)
(2852170240, 2217742860, 210274436, 2330018048)
(2852170240, 2217742860, 2219101316, 2330018048)
(2852170240, 2217742860, 2420662290, 2361411716)
(2852170240, 2217742860, 101197958, 444596240)
(2852170240, 2217742860, 2958217232, 1551894748)
(2852170240, 2217742860, 638752900, 2330018048)
(2852170240, 2217742860, 1645350984, 2330018048)
(2852170240, 102273060, 3288632516, 99104)
(2852170240, 102273060, 3292545100, 4542376)
(2852170240, 102273060, 809680920, 3364097216)
(2852170240, 102273060, 948076592, 3225701608)
(2852170240, 102273060, 4027748432, 148135048)
(2852170240, 102273060, 3289453380, 1318048)
(2852170240, 102273060, 144249600, 5296168)
(2852170240, 1611400896, 138693768, 3290562764)
(2852170240, 1611400896, 143163528, 3290562764)
(2852170240, 1611400896, 147606528, 135344896)
(2852170240, 1611400896, 5659648, 3290562764)
(2852170240, 1611400896, 10129408, 3290562764)
(2852170240, 1611400896, 107402, 135344896)
(2852170240, 1611400896, 4550402, 135344896)
(2852170240, 1342180080, 138952840, 3356635328)
(2852170240, 1342180080, 142904456, 3356635328)
(2852170240, 1342180080, 5918720, 3356635328)
(2852170240, 1342180080, 9870336, 3356635328)
(2852170240, 1342180080, 135401602, 69272332)
(2852170240, 1342180080, 136414082, 69272332)
(2852170240, 1115956296, 2151990408, 1712396748)
(2852170240, 1115956296, 2160903168, 32802)
(2852170240, 1115956296, 143163528, 1149765734)
(2852170240, 1115956296, 2723435522, 580390944)
(2852170240, 1115956296, 705695882, 1712363620)
(2852170240, 1115956296, 2725532672, 1143048516)
(2852170240, 1115956296, 716705792, 2163080)
(2852170240, 1520435280, 1208484040, 537956354)
(2852170240, 1520435280, 3226223680, 1687689286)
(2852170240, 1520435280, 167772330, 1645776992)
(2852170240, 1520435280, 2185511970, 646977572)
(2852170240, 1520435280, 613694468, 1284049348)
(2852170240, 1520435280, 109062188, 3301460038)
(2852170240, 616579596, 1283983428, 705761536)
(2852170240, 616579596, 1275070668, 2151957674)
(2852170240, 616579596, 3292810308, 2151957674)
(2852170240, 616579596, 1712330852, 2151957674)
(2852170240, 616579596, 580423712, 2151957674)
(2852170240, 616579596, 1712461892, 705761536)
(2852170240, 616579596, 571641992, 705761536)
(2852170240, 809680920, 1216383176, 38817832)
(2852170240, 809680920, 3234122816, 38817832)
(2852170240, 809680920, 1653643360, 38817832)
(2852170240, 809680920, 639111204, 38817832)
(2852170240, 809680920, 2450822192, 1552419028)
(2852170240, 809680920, 2416248082, 939524240)
(2852170240, 105406596, 3297280068, 2260992)
(2852170240, 105406596, 3292810308, 15617024)
(2852170240, 105406596, 3288367308, 5603208)
(2852170240, 105406596, 3291484228, 10096640)
(2852170240, 105406596, 137367688, 5692416)
(2852170240, 105406596, 3288408932, 5561376)
(2852170240, 105406596, 143205152, 1052840)
(2852170240, 2420662290, 146851976, 3183104)
(2852170240, 2420662290, 135005320, 16539136)
(2852170240, 2420662290, 136446600, 13785088)
(2852170240, 2420662290, 3290563140, 2003968)
(2852170240, 2420662290, 2517667892, 148659328)
(2852170240, 2420662290, 436371632, 2228112388)
(579347080, 15790080, 1216907336, 281035282)
(579347080, 15790080, 8653960, 281035282)
(579347080, 15790080, 2257719300, 3423078476)
(579347080, 15790080, 42337408, 1209801928)
(579347080, 15790080, 1252655168, 3151880)
(579347080, 15790080, 1479049810, 281035282)
(579347080, 15790080, 270796434, 281035282)
(579347080, 2689618080, 147376136, 302153744)
(579347080, 2689618080, 3360474176, 508182676)
(579347080, 2689618080, 68194950, 2286701576)
(579347080, 2689618080, 109183108, 474499228)
(579347080, 2689618080, 1096202, 2353816708)
(579347080, 2689618080, 42084360, 407396368)
(579347080, 2689618080, 3255182400, 335585428)
(579347080, 1088438496, 143132808, 33726496)
(579347080, 1088438496, 2349613248, 2686452226)
(579347080, 1088438496, 75810888, 235823328)
(579347080, 1088438496, 1082428488, 2686452226)
(579347080, 1088438496, 3356230848, 239755428)
(579347080, 1088438496, 42080312, 134787216)
(579347080, 1088438496, 3259110452, 67399760)
(579347080, 1088438496, 136843922, 2686452226)
(579347080, 1088438496, 1080071702, 2686452226)
(579347080, 1088438496, 310511672, 403218576)
(579347080, 1088438496, 3523609712, 339763220)
(579347080, 1088438496, 405275282, 2686452226)
(579347080, 1088438496, 1344570962, 2686452226)
(579347080, 280027200, 1221101576, 8409682)
(579347080, 280027200, 3427582016, 8409682)
(579347080, 280027200, 2526412800, 3427534856)
(579347080, 280027200, 42075268, 1482165388)
(579347080, 280027200, 1256849408, 271583240)
(579347080, 280027200, 1214812690, 8409682)
(579347080, 280027200, 2102934, 8409682)
(579347080, 2953855200, 143181896, 33722384)
(579347080, 2953855200, 75761800, 235819216)
(579347080, 2953855200, 336888450, 2282245196)
(579347080, 2953855200, 109445248, 202135768)
(579347080, 2953855200, 269527562, 2349622468)
(579347080, 2953855200, 42084360, 134770768)
(579347080, 2953855200, 3259114500, 67416208)
(579347080, 1209143880, 3225699520, 3489671288)
(579347080, 1209143880, 12601480, 3489671288)
(579347080, 1209143880, 540285960, 42403072)
(579347080, 1209143880, 205263908, 42403072)
(579347080, 1209143880, 570657032, 42403072)
(579347080, 1209143880, 37962144, 3489671288)
(579347080, 1209143880, 235634980, 3489671288)
(579347080, 1108875330, 143428616, 2016150736)
(579347080, 1108875330, 1082132680, 807436304)
(579347080, 1108875330, 136066080, 1610678752)
(579347080, 1108875330, 537933832, 1208815048)
(579347080, 1108875330, 2152820992, 3897312448)
(579347080, 1108875330, 278989080, 1610711488)
(579347080, 1108875330, 2489401620, 671941888)
(579347080, 1078607946, 1082428488, 1747715778)
(579347080, 1078607946, 3356230848, 2181177376)
(579347080, 1078607946, 143132808, 2181177376)
(579347080, 1078607946, 2349613248, 1751647878)
(579347080, 1078607946, 75810888, 2181177376)
(579347080, 1078607946, 134754448, 2181177376)
(579347080, 1078607946, 67432528, 2181177376)
(579347080, 1078607946, 545265688, 136876690)
(579347080, 1078607946, 2751746128, 1080038934)
(579347080, 1078607946, 168493472, 2181177376)
(579347080, 1078607946, 105103652, 2181177376)
(579347080, 1078607946, 10554122, 671711616)
(579347080, 1078607946, 2220966662, 1610941760)
(579347080, 1481769480, 8407240, 3225434168)
(579347080, 1481769480, 210536456, 3225434168)
(579347080, 1481769480, 808455180, 58917892)
(579347080, 1481769480, 473695268, 58917892)
(579347080, 1481769480, 271598788, 58917892)
(579347080, 1481769480, 28880, 3225434168)
(579347080, 1481769480, 202158096, 3225434168)
(579347080, 1381500930, 1086326920, 539004944)
(579347080, 1381500930, 3292807360, 1751651476)
(579347080, 1381500930, 404235300, 1631649952)
(579347080, 1381500930, 806365192, 1229524108)
(579347080, 1381500930, 143132198, 3897050308)
(579347080, 1381500930, 545262090, 1080070802)
(579347080, 1381500930, 2751742530, 136844822)
(579347080, 808455180, 2223260740, 1254102046)
(579347080, 808455180, 8916100, 33591314)
(579347080, 808455180, 303565312, 1237912588)
(579347080, 808455180, 2501181952, 3468952588)
(579347080, 808455180, 2231717970, 1262551048)
(579347080, 808455180, 17373330, 58819588)
(579347080, 404235300, 3301180420, 2148146708)
(579347080, 404235300, 3359687756, 2148146708)
(579347080, 404235300, 1481785418, 1631649952)
(579347080, 404235300, 587827232, 1631649952)
(579347080, 404235300, 629604384, 2148146708)
(579347080, 404235300, 688111720, 2148146708)
(579347080, 69993516, 3368027148, 2684486176)
(579347080, 69993516, 1078496388, 1256203278)
(579347080, 69993516, 3292841028, 2684486176)
(579347080, 69993516, 71878788, 2684486176)
(579347080, 69993516, 2361409548, 1252271178)
(579347080, 69993516, 339788308, 2684486176)
(579347080, 69993516, 411042328, 2684486176)
(579347080, 69993516, 2520793108, 1344545874)
(579347080, 69993516, 302516368, 413179930)
(579347080, 69993516, 696451112, 2684486176)
(579347080, 69993516, 621264992, 2684486176)
(579347080, 69993516, 19474562, 193036296)
(579347080, 69993516, 2233819202, 1128334340)
(579347080, 540285960, 9178240, 302022674)
(579347080, 540285960, 1208518856, 1518601306)
(579347080, 540285960, 35133952, 1217203528)
(579347080, 540285960, 1210196168, 3464758348)
(579347080, 540285960, 36186240, 279225362)
(579347080, 540285960, 2254462980, 1478500442)
(579347080, 136066080, 3359949896, 2416840208)
(579347080, 136066080, 138987656, 2416840208)
(579347080, 136066080, 1213354058, 1610678752)
(579347080, 136066080, 1150292038, 1610678752)
(579347080, 136066080, 406897176, 2416840208)
(579347080, 136066080, 343933460, 2416840208)
(579347080, 2526412800, 202147976, 536907824)
(579347080, 2526412800, 8931520, 746868856)
(579347080, 2526412800, 545276128, 210524248)
(579347080, 2526412800, 272148992, 3435414088)
(579347080, 2526412800, 537397920, 201593368)
(579347080, 2526412800, 3762292260, 8442448)
(579347080, 336888450, 3301195840, 69480592)
(579347080, 336888450, 1086851200, 69480592)
(579347080, 336888450, 1623195808, 1490553868)
(579347080, 336888450, 671089838, 270010370)
(579347080, 336888450, 1088434194, 69480592)
(579347080, 336888450, 136360990, 69480592)
(579347080, 75891846, 3292841028, 537035296)
(579347080, 75891846, 71878788, 750928428)
(579347080, 75891846, 2361409548, 2183143426)
(579347080, 75891846, 3368027148, 746996328)
(579347080, 75891846, 1078496388, 2183143426)
(579347080, 75891846, 4026926192, 339755540)
(579347080, 75891846, 805963952, 411075096)
(579347080, 75891846, 1344578642, 2183143426)
(579347080, 75891846, 413147162, 2183143426)
(579347080, 75891846, 3762426932, 67392080)
(579347080, 75891846, 537532592, 142643736)
(579347080, 75891846, 1080079382, 2183143426)
(579347080, 75891846, 144715802, 2183143426)
(579347080, 2257719300, 201885836, 805339184)
(579347080, 2257719300, 3422848076, 1019232316)
(579347080, 2257719300, 549470368, 482887708)
(579347080, 2257719300, 3717632, 3435151948)
(579347080, 2257719300, 537397920, 469762588)
(579347080, 2257719300, 3758360160, 281068048)
(579347080, 68194950, 3300933700, 337649812)
(579347080, 68194950, 2353316876, 337649812)
(579347080, 68194950, 1619001568, 1218190408)
(579347080, 68194950, 671351978, 1579010)
(579347080, 68194950, 1352671314, 337649812)
(579347080, 68194950, 405054490, 337649812)
(579347080, 1156448256, 209995848, 33595392)
(579347080, 1156448256, 8947848, 235692224)
(579347080, 1156448256, 202131648, 226971768)
(579347080, 1156448256, 41949208, 201650256)
(579347080, 1156448256, 3258979348, 536720)
(579347080, 1156448256, 17500832, 8393240)
(579347080, 1156448256, 3242395172, 201642576)
(579347080, 3021864960, 210012296, 33591344)
(579347080, 3021864960, 8931400, 235688176)
(579347080, 3021864960, 3258978360, 3435399296)
(579347080, 3021864960, 41953320, 201601168)
(579347080, 3021864960, 3258983460, 585808)
(579347080, 3021864960, 3497038352, 210524368)
(579347080, 3021864960, 280013312, 3427557568)
(579347080, 1145307306, 2223292488, 18946066)
(579347080, 1145307306, 2215428288, 2760131144)
(579347080, 1145307306, 8947848, 2760131144)
(579347080, 1145307306, 2658962, 2760131144)
(579347080, 1145307306, 1214256662, 2760131144)
(579347080, 1145307306, 10530842, 18946066)
(579347080, 1145307306, 1214264342, 18946066)
(579347080, 336896010, 3293331520, 69472792)
(579347080, 336896010, 1086851080, 69472792)
(579347080, 336896010, 1080594960, 2290109636)
(579347080, 336896010, 1080562194, 69472792)
(579347080, 336896010, 136353430, 69472792)
(579347080, 336896010, 2419118672, 1490553988)
(579347080, 336896010, 2970697792, 277874690)
(579347080, 2245836, 1212681348, 1239487518)
(579347080, 2245836, 1220545548, 536904192)
(579347080, 2245836, 3427025988, 1749550724)
(579347080, 2245836, 547362842, 1214289430)
(579347080, 2245836, 2753843282, 2626194)
(579347080, 2245836, 36182162, 58785800)
(579347080, 2245836, 2250526802, 1262584836)
(579347080, 305138820, 8915980, 536907794)
(579347080, 305138820, 2215396420, 1749554326)
(579347080, 305138820, 545282130, 554370052)
(579347080, 305138820, 547359240, 2659862)
(579347080, 305138820, 2753839680, 1214255762)
(579347080, 305138820, 1212305618, 1237912708)
(579347080, 305138820, 1214382728, 3964404868)
(579347080, 8930406, 3225977988, 3267372044)
(579347080, 8930406, 3427025988, 3267372044)
(579347080, 8930406, 3233842188, 16980016)
(579347080, 8930406, 569488, 3267372044)
(579347080, 8930406, 201617488, 3267372044)
(579347080, 8930406, 755449952, 16980016)
(579347080, 8930406, 562266152, 16980016)
(579347080, 412091940, 3359687876, 2156018708)
(579347080, 412091940, 3293316100, 2156018708)
(579347080, 412091940, 134377680, 1128333352)
(579347080, 412091940, 134279376, 2156018708)
(579347080, 412091940, 67907600, 2156018708)
(579347080, 412091940, 545273872, 1128333352)
(579347080, 412091940, 595691552, 1128333352)
(579347080, 134377680, 1078462600, 1237394446)
(579347080, 134377680, 3292807240, 16883714)
(579347080, 134377680, 143139878, 3401598028)
(579347080, 134377680, 303041152, 1237388428)
(579347080, 134377680, 34089090, 193004548)
(579347080, 134377680, 2248433730, 1128366088)
(579347080, 545282130, 210536576, 554370052)
(579347080, 545282130, 542920, 554370052)
(579347080, 545282130, 271598668, 554370052)
(579347080, 545282130, 481559588, 554370052)
(579347080, 545282130, 763854880, 554370052)
(579347080, 545282130, 553861224, 554370052)
(579347080, 3258978360, 1221101696, 2267351168)
(579347080, 3258978360, 3435446336, 2267351168)
(579347080, 3258978360, 1760165888, 271583360)
(579347080, 3258978360, 2484383762, 1490029708)
(579347080, 3258978360, 1222684690, 2267351168)
(579347080, 3258978360, 2110494, 2267351168)
(579347080, 1080594960, 67897480, 16876064)
(579347080, 1080594960, 143182016, 226837096)
(579347080, 1080594960, 269527682, 2357478988)
(579347080, 1080594960, 2417013782, 210000088)
(579347080, 1080594960, 17373360, 67408408)
(579347080, 1080594960, 3242267700, 142627408)
(579347080, 15614976, 1216613448, 270600466)
(579347080, 15614976, 1208749248, 2252890244)
(579347080, 15614976, 8947848, 2252890244)
(579347080, 15614976, 1478763602, 2252890244)
(579347080, 15614976, 278962202, 2252890244)
(579347080, 15614976, 1478755922, 270600466)
(579347080, 15614976, 271090322, 270600466)
(579347080, 7918080, 1216907456, 273178642)
(579347080, 7918080, 789640, 273178642)
(579347080, 7918080, 268739610, 3430942916)
(579347080, 7918080, 1486921810, 273178642)
(579347080, 7918080, 270803994, 273178642)
(579347080, 7918080, 2484121622, 1217666248)
(579347080, 7918080, 2249265412, 3152000)
(579347080, 4474026, 3229910088, 536904192)
(579347080, 4474026, 8947848, 750797324)
(579347080, 4474026, 3222045888, 474694068)
(579347080, 4474026, 4026795088, 276824600)
(579347080, 4474026, 805832848, 474006036)
(579347080, 4474026, 8595752, 268968080)
(579347080, 4474026, 3221693792, 474013716)
(579347080, 2186301480, 147376256, 805470224)
(579347080, 2186301480, 3368338496, 1019363356)
(579347080, 2186301480, 2953708560, 2294566016)
(579347080, 2186301480, 537528960, 415253008)
(579347080, 2186301480, 3758491200, 335577628)
(579347080, 2186301480, 2417275922, 482363548)
(579347080, 2186301480, 1096322, 2361673228)
(579347080, 1143079116, 206063748, 3758884544)
(579347080, 1143079116, 3427025988, 3758884544)
(579347080, 1143079116, 213927948, 268634416)
(579347080, 1143079116, 473973268, 3758884544)
(579347080, 1143079116, 276857368, 3758884544)
(579347080, 1143079116, 239288612, 268634416)
(579347080, 1143079116, 34308512, 268634416)
(579347080, 1209151680, 4737160, 3489663728)
(579347080, 1209151680, 3225699400, 3489663728)
(579347080, 1209151680, 478151220, 537855232)
(579347080, 1209151680, 272646680, 3489663728)
(579347080, 1209151680, 478183956, 3489663728)
(579347080, 1209151680, 301992592, 537855232)
(579347080, 1209151680, 570657152, 537855232)
(579347080, 1149763686, 2219360388, 1479345618)
(579347080, 1149763686, 2227224588, 33595392)
(579347080, 1149763686, 3427025988, 1250174024)
(579347080, 1149763686, 2522890262, 278929434)
(579347080, 1149763686, 304613522, 1478796370)
(579347080, 1149763686, 3026206742, 1745192256)
(579347080, 1149763686, 815794202, 537461120)
(579347080, 1620056130, 1074268360, 304119824)
(579347080, 1620056130, 143428736, 1520698456)
(579347080, 1620056130, 371198100, 1107362152)
(579347080, 1620056130, 34089090, 1344315482)
(579347080, 1620056130, 2252365830, 413410322)
(579347080, 1620056130, 480511028, 1216679368)
(579347080, 1620056130, 143402018, 3401860168)
(579347080, 2953708560, 142904456, 2697021698)
(579347080, 2953708560, 1082656840, 2697021698)
(579347080, 2953708560, 168035498, 9443330)
(579347080, 2953708560, 2423312912, 1218190528)
(579347080, 2953708560, 405046930, 2697021698)
(579347080, 2953708560, 1344799314, 2697021698)
(579347080, 268739610, 13125640, 237824)
(579347080, 268739610, 3226223680, 206266756)
(579347080, 268739610, 11581952, 3427295428)
(579347080, 268739610, 3492844112, 482887828)
(579347080, 268739610, 277023000, 273211408)
(579347080, 268739610, 3490121040, 469770388)
(579347080, 478151220, 3426795716, 1210910656)
(579347080, 478151220, 2219590660, 2196224)
(579347080, 478151220, 1210188488, 3960210628)
(579347080, 478151220, 546322432, 1217203648)
(579347080, 478151220, 2757771780, 537756928)
(579347080, 478151220, 547359240, 1744896448)
(579347080, 371198100, 3289121860, 1107362152)
(579347080, 371198100, 76023820, 1107362152)
(579347080, 371198100, 1142427718, 1107362152)
(579347080, 371198100, 1213354178, 1107362152)
(579347080, 371198100, 101384484, 1107362152)
(579347080, 371198100, 172212640, 1107362152)
(178260640, 3224383680, 1644298850, 1384251472)
(178260640, 3224383680, 2360866, 1384251472)
(178260640, 3224383680, 540285960, 1384251472)
(178260640, 3224383680, 137102368, 1384251472)
(178260640, 3224383680, 546314762, 1384251472)
(178260640, 3224383680, 143131170, 1384251472)
(178260640, 3224383680, 214458372, 1384251472)
(178260640, 1620086880, 574767650, 1073775170)
(178260640, 1620086880, 1648780352, 304160)
(178260640, 1620086880, 136066080, 69510662)
(178260640, 1620086880, 203948068, 69510662)
(178260640, 1620086880, 172671008, 69510662)
(178260640, 1620086880, 843237400, 1342179448)
(178260640, 1620086880, 337676316, 268709402)
(178260640, 3227566176, 1648517698, 2720137216)
(178260640, 3227566176, 637943904, 1145339904)
(178260640, 3227566176, 69493314, 2720137216)
(178260640, 3227566176, 575030304, 1074037824)
(178260640, 3227566176, 6579714, 2720137216)
(178260640, 3227566176, 570575048, 1077971112)
(178260640, 3227566176, 2100364, 67414666)
(178260640, 3227566176, 143155778, 2720137216)
(178260640, 3227566176, 143131684, 2720137216)
(178260640, 3227566176, 574769288, 1073776872)
(178260640, 3227566176, 69208204, 306826)
(178260640, 3227566176, 147350018, 2720137216)
(178260640, 3227566176, 210239524, 2720137216)
(178260640, 814792800, 1648493090, 1389494272)
(178260640, 814792800, 69468706, 1389494272)
(178260640, 814792800, 404235300, 1389494272)
(178260640, 814792800, 204210208, 1389494272)
(178260640, 814792800, 143131170, 1389494272)
(178260640, 814792800, 143156292, 1389494272)
(178260640, 814792800, 545266202, 1389494272)
(178260640, 2419089600, 570573410, 1077969410)
(178260640, 2419089600, 1715888192, 67412000)
(178260640, 2419089600, 808455180, 69510662)
(178260640, 2419089600, 136840228, 69510662)
(178260640, 2419089600, 840091720, 1347422248)
(178260640, 2419089600, 271617036, 336865802)
(178260640, 2419089600, 168476768, 69510662)
(178260640, 5921280, 1615086688, 75563782)
(178260640, 5921280, 39993376, 75563782)
(178260640, 5921280, 68194950, 1648541792)
(178260640, 5921280, 43126912, 1648541792)
(178260640, 5921280, 1611731392, 1648541792)
(178260640, 5921280, 4026860880, 75563782)
(178260640, 5921280, 2451767568, 75563782)
(178260640, 173035530, 36054530, 811682200)
(178260640, 173035530, 1109524576, 369297820)
(178260640, 173035530, 2257719300, 337649812)
(178260640, 173035530, 2215941638, 2150641664)
(178260640, 173035530, 42150152, 2419136920)
(178260640, 173035530, 372490, 843235472)
(178260640, 173035530, 1073842536, 337674388)
(178260640, 1112031816, 575030304, 482951444)
(178260640, 1112031816, 6579714, 841157016)
(178260640, 1112031816, 1080049760, 572686336)
(178260640, 1112031816, 637943904, 2147492386)
(178260640, 1112031816, 69493314, 50244)
(178260640, 1112031816, 1223163904, 2147492386)
(178260640, 1112031816, 781058048, 2147492386)
(178260640, 1112031816, 1077938344, 570607816)
(178260640, 1112031816, 67381898, 2133132)
(178260640, 1112031816, 2986804496, 482951444)
(178260640, 1112031816, 3491823952, 482951444)
(178260640, 1112031816, 268805906, 574802056)
(178260640, 1112031816, 1342275952, 69240972)
(178260640, 1348078080, 1113718816, 539017280)
(178260640, 1348078080, 103162370, 33719300)
(178260640, 1348078080, 336888450, 271590532)
(178260640, 1348078080, 311558272, 2149593104)
(178260640, 1348078080, 1347420320, 840089792)
(178260640, 1348078080, 336863874, 271615108)
(178260640, 1348078080, 3225424948, 2435913880)
(178260640, 1515192330, 35799136, 2551734368)
(178260640, 1515192330, 1682194528, 2551734368)
(178260640, 1515192330, 2526412800, 1648541792)
(178260640, 1515192330, 2484372998, 1648541792)
(178260640, 1515192330, 178913280, 2551734368)
(178260640, 1515192330, 1825308672, 2551734368)
(178260640, 1515192330, 136873478, 1648541792)
(178260640, 808455180, 67388998, 1631649952)
(178260640, 808455180, 1614955622, 1631649952)
(178260640, 808455180, 4031823968, 69510662)
(178260640, 808455180, 2433827910, 1631649952)
(178260640, 808455180, 2469470208, 1631649952)
(178260640, 808455180, 25236502, 69510662)
(178260640, 404235300, 1145308678, 529858570)
(178260640, 404235300, 35661316, 1508974600)
(178260640, 404235300, 279978112, 2181173264)
(178260640, 404235300, 151094796, 1389395968)
(178260640, 404235300, 688111720, 347381762)
(178260640, 404235300, 153297032, 2609975320)
(178260640, 69993516, 1648493604, 1432160384)
(178260640, 69993516, 1080043014, 464592906)
(178260640, 69993516, 100926980, 2684486176)
(178260640, 69993516, 1711407204, 2684486176)
(178260640, 69993516, 1142956614, 1074037824)
(178260640, 69993516, 209715724, 145007626)
(178260640, 69993516, 683819048, 1249935432)
(178260640, 69993516, 101189764, 2684486176)
(178260640, 69993516, 6842498, 2684486176)
(178260640, 69993516, 286361092, 1254129672)
(178260640, 69993516, 823378016, 212115466)
(178260640, 69993516, 2467365892, 1432160384)
(178260640, 69993516, 2435932226, 1432160384)
(178260640, 136066080, 35923456, 2416840208)
(178260640, 136066080, 1646403680, 2416840208)
(178260640, 136066080, 11546752, 69510662)
(178260640, 136066080, 1644726368, 69510662)
(178260640, 136066080, 36186240, 2416840208)
(178260640, 136066080, 71846022, 2416840208)
(178260640, 540285960, 1615217762, 33850370)
(178260640, 540285960, 576872480, 1075880000)
(178260640, 540285960, 3763392608, 2182221824)
(178260640, 540285960, 3289387588, 2593198360)
(178260640, 540285960, 818036784, 1384153168)
(178260640, 540285960, 343933460, 279225362)
(178260640, 2526412800, 606347810, 536904740)
(178260640, 2526412800, 1648362016, 180800)
(178260640, 2526412800, 1112017408, 1648541792)
(178260640, 2526412800, 473210890, 403703308)
(178260640, 2526412800, 1515225096, 940720232)
(178260640, 2526412800, 70035968, 1648541792)
(178260640, 336888450, 1179009088, 271590532)
(178260640, 336888450, 570442336, 271590532)
(178260640, 336888450, 34097728, 271590532)
(178260640, 336888450, 1145964672, 271590532)
(178260640, 336888450, 537397920, 271590532)
(178260640, 336888450, 671092922, 271590532)
(178260640, 2248443396, 606479398, 537035296)
(178260640, 2248443396, 1711407204, 71352324)
(178260640, 2248443396, 1142956614, 2183143426)
(178260640, 2248443396, 1648493604, 50244)
(178260640, 2248443396, 1080043014, 2183143426)
(178260640, 2248443396, 537791648, 2183143426)
(178260640, 2248443396, 1074268864, 2183143426)
(178260640, 2248443396, 144974858, 209748492)
(178260640, 2248443396, 1249902664, 683851816)
(178260640, 2248443396, 604899488, 2183143426)
(178260640, 2248443396, 1078463104, 2183143426)
(178260640, 2248443396, 212082698, 142640652)
(178260640, 2248443396, 1254096904, 679657576)
(178260640, 2257719300, 606085670, 337649812)
(178260640, 2257719300, 1143350342, 337649812)
(178260640, 2257719300, 38291968, 337649812)
(178260640, 2257719300, 672141482, 337649812)
(178260640, 2257719300, 537397920, 337649812)
(178260640, 2257719300, 1074662592, 337649812)
(178260640, 68194950, 1178746948, 604012580)
(178260640, 68194950, 73819142, 4375040)
(178260640, 68194950, 1107823168, 1648541792)
(178260640, 68194950, 2928128, 1648541792)
(178260640, 68194950, 1509982296, 943865912)
(178260640, 68194950, 405054490, 469762588)
(178260640, 1358561280, 69607970, 164900)
(178260640, 1358561280, 1111622176, 536920640)
(178260640, 1358561280, 2147621940, 403711492)
(178260640, 1358561280, 3258979348, 2576421400)
(178260640, 1358561280, 2216989718, 2147496464)
(178260640, 1358561280, 94740490, 25232908)
(178260640, 1358561280, 1136754696, 562249832)
(178260640, 1347420330, 33702496, 18942982)
(178260640, 1347420330, 1715748928, 18942982)
(178260640, 1347420330, 136352790, 1648541792)
(178260640, 1347420330, 2655878, 1648541792)
(178260640, 1347420330, 134354992, 1648541792)
(178260640, 1347420330, 658080, 18942982)
(178260640, 1347420330, 1682704512, 18942982)
(178260640, 839960640, 103023106, 1347553312)
(178260640, 839960640, 1650589730, 1347553312)
(178260640, 839960640, 612635160, 1347553312)
(178260640, 839960640, 547362842, 1347553312)
(178260640, 839960640, 814756892, 1347553312)
(178260640, 839960640, 2469462018, 1347553312)
(178260640, 839960640, 2433836100, 1347553312)
(178260640, 2551210560, 572670050, 529866760)
(178260640, 2551210560, 1682333792, 1508966410)
(178260640, 2551210560, 101462160, 69510662)
(178260640, 2551210560, 34259168, 69510662)
(178260640, 2551210560, 882126872, 69510662)
(178260640, 2551210560, 814923880, 220569602)
(178260640, 2551210560, 277906956, 1262583808)
(178260640, 101498976, 1617051744, 1682833408)
(178260640, 101498976, 69485120, 1682833408)
(178260640, 101498976, 1648509504, 1682833408)
(178260640, 101498976, 143147584, 1682833408)
(178260640, 101498976, 143139878, 1682833408)
(178260640, 101498976, 2435924032, 1682833408)
(178260640, 101498976, 2467374086, 1682833408)
(178260640, 101462160, 69476896, 2495479808)
(178260640, 101462160, 1648501280, 2495479808)
(178260640, 101462160, 143139360, 2495479808)
(178260640, 101462160, 143148102, 2495479808)
(178260640, 101462160, 4065378368, 69510662)
(178260640, 101462160, 1657307168, 69510662)
(178260640, 2216968776, 637952098, 1145348098)
(178260640, 2216968776, 1648509504, 33312)
(178260640, 2216968776, 1617051744, 1574248458)
(178260640, 2216968776, 570607808, 1077938336)
(178260640, 2216968776, 2133124, 67381890)
(178260640, 2216968776, 679657568, 355835914)
(178260640, 2216968776, 142640644, 1397850120)
(178260640, 612635160, 1715880002, 67403810)
(178260640, 612635160, 570581600, 1077977600)
(178260640, 612635160, 840058944, 1347455008)
(178260640, 612635160, 271584260, 336898562)
(178260640, 612635160, 403712512, 2147618864)
(178260640, 612635160, 151200392, 2433816760)
(178260640, 3258975276, 1617044998, 549958)
(178260640, 3258975276, 100935174, 549958)
(178260640, 3258975276, 69477414, 2469464192)
(178260640, 3258975276, 1760165888, 549958)
(178260640, 3258975276, 244056064, 549958)
(178260640, 3258975276, 1615465088, 2469464192)
(178260640, 3258975276, 67897504, 2469464192)
(178260640, 2147621940, 572532230, 403711492)
(178260640, 2147621940, 1145447942, 403711492)
(178260640, 2147621940, 715653120, 403711492)
(178260640, 2147621940, 1288568832, 403711492)
(178260640, 2147621940, 1347555482, 403711492)
(178260640, 2147621940, 704647322, 403711492)
(178260640, 1080591876, 69477414, 33312)
(178260640, 1080591876, 1111491620, 537052228)
(178260640, 1080591876, 100935174, 35684352)
(178260640, 1080591876, 1077971104, 570575040)
(178260640, 1080591876, 67414658, 2100356)
(178260640, 1080591876, 355803146, 286361100)
(178260640, 1080591876, 1397817352, 823378024)
(178260640, 136352790, 1078084708, 570459140)
(178260640, 136352790, 67528262, 2277440)
(178260640, 136352790, 1347453096, 840057032)
(178260640, 136352790, 336896650, 271582348)
(178260640, 136352790, 269635802, 1648541792)
(178260640, 136352790, 16996432, 1648541792)
(178260640, 7128576, 1617051744, 71852038)
(178260640, 7128576, 38028320, 71852038)
(178260640, 7128576, 1648509504, 71852038)
(178260640, 7128576, 789664, 71852038)
(178260640, 7128576, 1611270848, 71852038)
(178260640, 7128576, 4028825936, 71852038)
(178260640, 7128576, 2449802512, 71852038)
(178260640, 16404480, 37896736, 2454216848)
(178260640, 16404480, 1648641088, 2454216848)
(178260640, 16404480, 2416315440, 1648541792)
(178260640, 16404480, 658080, 2454216848)
(178260640, 16404480, 1611402432, 2454216848)
(178260640, 16404480, 2485421078, 1648541792)
(178260640, 16404480, 69763718, 1648541792)
(178260640, 2185511976, 543581698, 608354308)
(178260640, 2185511976, 1648509504, 33312)
(178260640, 2185511976, 1617051744, 876824988)
(178260640, 2185511976, 145007618, 209715716)
(178260640, 2185511976, 1249935424, 683819040)
(178260640, 2185511976, 306818, 843301144)
(178260640, 2185511976, 1073776864, 337740060)
(178260640, 5263530, 1107427936, 541114880)
(178260640, 5263530, 2500130, 67272740)
(178260640, 5263530, 405046290, 469770772)
(178260640, 5263530, 1509949520, 943898672)
(178260640, 5263530, 405021714, 469795348)
(178260640, 5263530, 402786352, 2148545024)
(178260640, 5263530, 8595752, 2559644440)
(178260640, 3290432076, 1711415398, 1611531328)
(178260640, 3290432076, 100935174, 1611531328)
(178260640, 3290432076, 69477414, 2594242832)
(178260640, 3290432076, 101197958, 1611531328)
(178260640, 3290432076, 6834304, 1611531328)
(178260640, 3290432076, 210247718, 2594242832)
(178260640, 3290432076, 147341824, 2594242832)
(178260640, 3356504640, 1646395490, 1342310512)
(178260640, 3356504640, 35915266, 1342310512)
(178260640, 3356504640, 369631380, 1342310512)
(178260640, 3356504640, 36178050, 1342310512)
(178260640, 3356504640, 71854212, 1342310512)
(178260640, 3356504640, 881864732, 1342310512)
(178260640, 3356504640, 548411402, 1342310512)
(178260640, 1174962276, 69477414, 33312)
(178260640, 1174962276, 1142948420, 1074046018)
(178260640, 1174962276, 100935174, 35684352)
(178260640, 1174962276, 209748484, 144974850)
(178260640, 1174962276, 683851808, 1249902656)
(178260640, 1174962276, 337707292, 268805914)
(178260640, 1174962276, 843268376, 1342275960)
(178260640, 1645254720, 576864290, 1075871810)
(178260640, 1645254720, 1615225952, 33858560)
(178260640, 1645254720, 880804380, 69510662)
(178260640, 1645254720, 818069560, 1384120408)
(178260640, 1645254720, 343966236, 279192602)
(178260640, 1645254720, 815019032, 69510662)
(178260640, 1645254720, 135607552, 69510662)
(178260640, 2416315440, 572794370, 274942360)
(178260640, 2416315440, 1646264416, 906037660)
(178260640, 2416315440, 11314688, 1648541792)
(178260640, 2416315440, 273830042, 1648541792)
(178260640, 2416315440, 268740250, 574867712)
(178260640, 2416315440, 1342210296, 69306628)
(178260640, 405046290, 576733216, 469770772)
(178260640, 405046290, 1078346848, 469770772)
(178260640, 405046290, 705695882, 469770772)
(178260640, 405046290, 1343361242, 469770772)
(178260640, 405046290, 2988507408, 469770772)
(178260640, 405046290, 3490121040, 469770772)
(178260640, 880804380, 1715617862, 1778450752)
(178260640, 880804380, 73679878, 1778450752)
(178260640, 880804380, 1653112928, 69510662)
(178260640, 880804380, 135281152, 69510662)
(178260640, 880804380, 214450182, 1778450752)
(178260640, 880804380, 143139360, 1778450752)
(178260640, 369631380, 1143211078, 1073783360)
(178260640, 369631380, 69214756, 295970)
(178260640, 369631380, 3291484228, 2417039800)
(178260640, 369631380, 3796947008, 2148667424)
(178260640, 369631380, 69304716, 337802)
(178260640, 369631380, 574865800, 1073807848)
(2183692840, 15790080, 1109533250, 1083183682)
(2183692840, 15790080, 1080313442, 1083183682)
(2183692840, 15790080, 1326120, 1083183682)
(2183692840, 15790080, 603990028, 1083183682)
(2183692840, 15790080, 42084360, 1083183682)
(2183692840, 15790080, 12864552, 1083183682)
(2183692840, 15790080, 447348752, 1083183682)
(2183692840, 2689618080, 40002050, 1107460160)
(2183692840, 2689618080, 570827776, 67149860)
(2183692840, 2689618080, 675025920, 637961252)
(2183692840, 2689618080, 537144328, 637961252)
(2183692840, 2689618080, 142135810, 1209544768)
(2183692840, 2689618080, 672961536, 236589092)
(2183692840, 2689618080, 4254218, 637961252)
(2183692840, 3762348096, 1113735778, 33726496)
(2183692840, 3762348096, 1715863584, 2686452226)
(2183692840, 3762348096, 1147412994, 67420224)
(2183692840, 3762348096, 1644561504, 1140883524)
(2183692840, 3762348096, 1076110914, 2686452226)
(2183692840, 3762348096, 1120012328, 2686452226)
(2183692840, 3762348096, 8399884, 2686452226)
(2183692840, 3762348096, 1214775938, 134799552)
(2183692840, 3762348096, 671614084, 235831456)
(2183692840, 3762348096, 46286888, 2686452226)
(2183692840, 3762348096, 8662024, 2686452226)
(2183692840, 3762348096, 141050498, 1208524992)
(2183692840, 3762348096, 671876224, 235569316)
(2183692840, 2953855200, 35807810, 8409682)
(2183692840, 2953855200, 637935616, 8409682)
(2183692840, 2953855200, 1010565120, 8409682)
(2183692840, 2953855200, 604252168, 8409682)
(2183692840, 2953855200, 448397312, 8409682)
(2183692840, 2953855200, 42084360, 8409682)
(2183692840, 2953855200, 1086327852, 8409682)
(2183692840, 280027200, 1113727490, 33734720)
(2183692840, 280027200, 1147421282, 67412000)
(2183692840, 280027200, 336865320, 637961252)
(2183692840, 280027200, 536882188, 637961252)
(2183692840, 280027200, 1077979658, 637961252)
(2183692840, 280027200, 1214812690, 134770768)
(2183692840, 280027200, 671650836, 235802672)
