(2290649224, 4026593280, 143132808)
(2290649224, 1352683680, 143132808)
(2290649224, 817901760, 143132808)
(2290649224, 2422247520, 143132808)
(2290649224, 1509972480, 143132808)
(2290649224, 1342853130, 143132808)
(2290649224, 306713160, 143132808)
(2290649224, 406984770, 143132808)
(2290649224, 1006648320, 143132808)
(2290649224, 338170920, 143132808)
(2290649224, 806105100, 143132808)
(2290649224, 405018660, 143132808)
(2290649224, 2516620800, 143132808)
(2290649224, 344069250, 143132808)
(2290649224, 310645380, 143132808)
(2290649224, 2416349190, 143132808)
(2290649224, 2155905152, 143132808)
(2290649224, 1887465600, 143132808)
(2290649224, 3491811360, 143132808)
(2290649224, 2957029440, 143132808)
(2290649224, 283119840, 143132808)
(2290649224, 1376277000, 143132808)
(2290649224, 1476548610, 143132808)
(2290649224, 440408640, 143132808)
(2290649224, 273289290, 143132808)
(2290649224, 872952840, 143132808)
(2290649224, 471866400, 143132808)
(2290649224, 939800580, 143132808)
(2290649224, 271323180, 143132808)
(2290649224, 377493120, 143132808)
(2290649224, 2483196930, 143132808)
(2290649224, 2449773060, 143132808)
(2290649224, 277221510, 143132808)
(2290649224, 2281736192, 143132808)
(2290649224, 2013296640, 143132808)
(2290649224, 3523269120, 143132808)
(2290649224, 3019944960, 143132808)
(2290649224, 503324160, 143132808)
(2290649224, 1344819240, 143132808)
(2290649224, 1350717570, 143132808)
(2290649224, 346035360, 143132808)
(2290649224, 336204810, 143132808)
(2290649224, 810037320, 143132808)
(2290649224, 314577600, 143132808)
(2290649224, 813969540, 143132808)
(2290649224, 302780940, 143132808)
(2290649224, 408950880, 143132808)
(2290649224, 2420281410, 143132808)
(2290649224, 2418315300, 143132808)
(2290649224, 403052550, 143132808)
(2290649224, 142608512, 143132808)
(2290649224, 141559920, 143132808)
(2290649224, 47186640, 143132808)
(2290649224, 78644400, 143132808)
(2290649224, 235933200, 143132808)
(2290649224, 542646360, 143132808)
(2290649224, 2152890450, 143132808)
(2290649224, 2752554000, 143132808)
(2290649224, 68813850, 143132808)
(2290649224, 1077428280, 143132808)
(2290649224, 3255878160, 143132808)
(2290649224, 2150924340, 143132808)
(2290649224, 35389980, 143132808)
(2290649224, 1745905680, 143132808)
(2290649224, 1083326610, 143132808)
(2290649224, 546578580, 143132808)
(2290649224, 135661590, 143132808)
(2694881440, 3422604288, 143132808)
(2694881440, 1149781128, 143132808)
(2694881440, 213912768, 143132808)
(2694881440, 2219344968, 143132808)
(2694881440, 1711302144, 143132808)
(2694881440, 1143096354, 143132808)
(2694881440, 106956384, 143132808)
(2694881440, 608314434, 143132808)
(2694881440, 1006648320, 143132808)
(2694881440, 338170920, 143132808)
(2694881440, 806105100, 143132808)
(2694881440, 405018660, 143132808)
(2694881440, 2516620800, 143132808)
(2694881440, 344069250, 143132808)
(2694881440, 310645380, 143132808)
(2694881440, 2416349190, 143132808)
(2694881440, 1283476608, 143132808)
(2694881440, 3288908808, 143132808)
(2694881440, 2353040448, 143132808)
(2694881440, 80217288, 143132808)
(2694881440, 1176520224, 143132808)
(2694881440, 1677878274, 143132808)
(2694881440, 641738304, 143132808)
(2694881440, 73532514, 143132808)
(2694881440, 471866400, 143132808)
(2694881440, 872952840, 143132808)
(2694881440, 271323180, 143132808)
(2694881440, 939800580, 143132808)
(2694881440, 377493120, 143132808)
(2694881440, 2483196930, 143132808)
(2694881440, 2449773060, 143132808)
(2694881440, 277221510, 143132808)
(2694881440, 2684395520, 143132808)
(2694881440, 1811966976, 143132808)
(2694881440, 3321939456, 143132808)
(2694881440, 2617285632, 143132808)
(2694881440, 905983488, 143132808)
(2694881440, 1143489576, 143132808)
(2694881440, 1149387906, 143132808)
(2694881440, 344462472, 143132808)
(2694881440, 337777698, 143132808)
(2694881440, 545267840, 143132808)
(2694881440, 541859916, 143132808)
(2694881440, 46400196, 143132808)
(2694881440, 277614732, 143132808)
(2694881440, 839135748, 143132808)
(2694881440, 140773476, 143132808)
(2694881440, 2152104006, 143132808)
(2694881440, 2550437892, 143132808)
(2694881440, 270929958, 143132808)
(2694881440, 207621216, 143132808)
(2694881440, 113247936, 143132808)
(2694881440, 210766992, 143132808)
(2694881440, 103810608, 143132808)
(2694881440, 608707656, 143132808)
(2694881440, 2218951746, 143132808)
(2694881440, 2216199192, 143132808)
(2694881440, 605168658, 143132808)
(2694881440, 1076641836, 143132808)
(2694881440, 3255091716, 143132808)
(2694881440, 2149351452, 143132808)
(2694881440, 36962868, 143132808)
(2694881440, 1745119236, 143132808)
(2694881440, 1082540166, 143132808)
(2694881440, 143919252, 143132808)
(2694881440, 538320918, 143132808)
(673720360, 3422604288, 143132808)
(673720360, 1149781128, 143132808)
(673720360, 213912768, 143132808)
(673720360, 2219344968, 143132808)
(673720360, 1711302144, 143132808)
(673720360, 1143096354, 143132808)
(673720360, 106956384, 143132808)
(673720360, 608314434, 143132808)
(673720360, 4026593280, 143132808)
(673720360, 1352683680, 143132808)
(673720360, 817901760, 143132808)
(673720360, 2422247520, 143132808)
(673720360, 1509972480, 143132808)
(673720360, 1342853130, 143132808)
(673720360, 306713160, 143132808)
(673720360, 406984770, 143132808)
(673720360, 3288908808, 143132808)
(673720360, 1283476608, 143132808)
(673720360, 80217288, 143132808)
(673720360, 2353040448, 143132808)
(673720360, 1176520224, 143132808)
(673720360, 1677878274, 143132808)
(673720360, 641738304, 143132808)
(673720360, 73532514, 143132808)
(673720360, 3491811360, 143132808)
(673720360, 1887465600, 143132808)
(673720360, 283119840, 143132808)
(673720360, 2957029440, 143132808)
(673720360, 1376277000, 143132808)
(673720360, 1476548610, 143132808)
(673720360, 440408640, 143132808)
(673720360, 273289290, 143132808)
(673720360, 2181071360, 143132808)
(673720360, 3825263616, 143132808)
(673720360, 1308642816, 143132808)
(673720360, 3623933952, 143132808)
(673720360, 1912631808, 143132808)
(673720360, 1151354016, 143132808)
(673720360, 1141523466, 143132808)
(673720360, 1351110792, 143132808)
(673720360, 1344426018, 143132808)
(673720360, 41943680, 143132808)
(673720360, 549724356, 143132808)
(673720360, 38535756, 143132808)
(673720360, 281546952, 143132808)
(673720360, 843067968, 143132808)
(673720360, 2154070116, 143132808)
(673720360, 138807366, 143132808)
(673720360, 2554370112, 143132808)
(673720360, 274862178, 143132808)
(673720360, 81790176, 143132808)
(673720360, 239078976, 143132808)
(673720360, 147851472, 143132808)
(673720360, 40895088, 143132808)
(673720360, 2755699776, 143132808)
(673720360, 71959626, 143132808)
(673720360, 2153283672, 143132808)
(673720360, 542253138, 143132808)
(673720360, 3223633956, 143132808)
(673720360, 1108099596, 143132808)
(673720360, 3222847512, 143132808)
(673720360, 1110458928, 143132808)
(673720360, 1619288196, 143132808)
(673720360, 1208371206, 143132808)
(673720360, 1217415312, 143132808)
(673720360, 1611816978, 143132808)
(2852170240, 3233857728, 143132808)
(2852170240, 1212696648, 143132808)
(2852170240, 213912768, 143132808)
(2852170240, 2219344968, 143132808)
(2852170240, 1616928864, 143132808)
(2852170240, 1111638594, 143132808)
(2852170240, 106956384, 143132808)
(2852170240, 608314434, 143132808)
(2852170240, 817901760, 143132808)
(2852170240, 2422247520, 143132808)
(2852170240, 306713160, 143132808)
(2852170240, 406984770, 143132808)
(2852170240, 806105100, 143132808)
(2852170240, 405018660, 143132808)
(2852170240, 310645380, 143132808)
(2852170240, 2416349190, 143132808)
(2852170240, 1220561088, 143132808)
(2852170240, 3225993288, 143132808)
(2852170240, 2227209408, 143132808)
(2852170240, 206048328, 143132808)
(2852170240, 1113604704, 143132808)
(2852170240, 1614962754, 143132808)
(2852170240, 610280544, 143132808)
(2852170240, 104990274, 143132808)
(2852170240, 2684395520, 143132808)
(2852170240, 1623220416, 143132808)
(2852170240, 3227566176, 143132808)
(2852170240, 2428539072, 143132808)
(2852170240, 811610208, 143132808)
(2852170240, 1112031816, 143132808)
(2852170240, 1212303426, 143132808)
(2852170240, 407377992, 143132808)
(2852170240, 306319938, 143132808)
(2852170240, 671098880, 143132808)
(2852170240, 604775436, 143132808)
(2852170240, 203688996, 143132808)
(2852170240, 403445772, 143132808)
(2852170240, 807677988, 143132808)
(2852170240, 109315716, 143132808)
(2852170240, 2215019526, 143132808)
(2852170240, 2424606852, 143132808)
(2852170240, 302387718, 143132808)
(2852170240, 314577600, 143132808)
(2852170240, 810037320, 143132808)
(2852170240, 302780940, 143132808)
(2852170240, 813969540, 143132808)
(2852170240, 408950880, 143132808)
(2852170240, 2420281410, 143132808)
(2852170240, 2418315300, 143132808)
(2852170240, 403052550, 143132808)
(2852170240, 113247936, 143132808)
(2852170240, 207621216, 143132808)
(2852170240, 103810608, 143132808)
(2852170240, 210766992, 143132808)
(2852170240, 608707656, 143132808)
(2852170240, 2218951746, 143132808)
(2852170240, 2216199192, 143132808)
(2852170240, 605168658, 143132808)
(2852170240, 1108099596, 143132808)
(2852170240, 3223633956, 143132808)
(2852170240, 1110458928, 143132808)
(2852170240, 3222847512, 143132808)
(2852170240, 1619288196, 143132808)
(2852170240, 1208371206, 143132808)
(2852170240, 1217415312, 143132808)
(2852170240, 1611816978, 143132808)
(579347080, 3233857728, 143132808)
(579347080, 1212696648, 143132808)
(579347080, 213912768, 143132808)
(579347080, 2219344968, 143132808)
(579347080, 1616928864, 143132808)
(579347080, 1111638594, 143132808)
(579347080, 106956384, 143132808)
(579347080, 608314434, 143132808)
(579347080, 4026593280, 143132808)
(579347080, 1352683680, 143132808)
(579347080, 1509972480, 143132808)
(579347080, 1342853130, 143132808)
(579347080, 1006648320, 143132808)
(579347080, 338170920, 143132808)
(579347080, 2516620800, 143132808)
(579347080, 344069250, 143132808)
(579347080, 3225993288, 143132808)
(579347080, 1220561088, 143132808)
(579347080, 206048328, 143132808)
(579347080, 2227209408, 143132808)
(579347080, 1113604704, 143132808)
(579347080, 1614962754, 143132808)
(579347080, 610280544, 143132808)
(579347080, 104990274, 143132808)
(579347080, 2149613600, 143132808)
(579347080, 3762348096, 143132808)
(579347080, 1088438496, 143132808)
(579347080, 3498102912, 143132808)
(579347080, 1881174048, 143132808)
(579347080, 1245727296, 143132808)
(579347080, 1078607946, 143132808)
(579347080, 1476941832, 143132808)
(579347080, 1375883778, 143132808)
(579347080, 136316960, 143132808)
(579347080, 738470916, 143132808)
(579347080, 69993516, 143132808)
(579347080, 470293512, 143132808)
(579347080, 874525728, 143132808)
(579347080, 2248443396, 143132808)
(579347080, 75891846, 143132808)
(579347080, 2491454592, 143132808)
(579347080, 369235458, 143132808)
(579347080, 3523269120, 143132808)
(579347080, 2013296640, 143132808)
(579347080, 503324160, 143132808)
(579347080, 3019944960, 143132808)
(579347080, 1344819240, 143132808)
(579347080, 1350717570, 143132808)
(579347080, 346035360, 143132808)
(579347080, 336204810, 143132808)
(579347080, 239078976, 143132808)
(579347080, 81790176, 143132808)
(579347080, 40895088, 143132808)
(579347080, 147851472, 143132808)
(579347080, 2755699776, 143132808)
(579347080, 71959626, 143132808)
(579347080, 2153283672, 143132808)
(579347080, 542253138, 143132808)
(579347080, 3255091716, 143132808)
(579347080, 1076641836, 143132808)
(579347080, 36962868, 143132808)
(579347080, 2149351452, 143132808)
(579347080, 1745119236, 143132808)
(579347080, 1082540166, 143132808)
(579347080, 143919252, 143132808)
(579347080, 538320918, 143132808)
(178260640, 3233857728, 143132808)
(178260640, 1212696648, 143132808)
(178260640, 3422604288, 143132808)
(178260640, 1149781128, 143132808)
(178260640, 1616928864, 143132808)
(178260640, 1111638594, 143132808)
(178260640, 1711302144, 143132808)
(178260640, 1143096354, 143132808)
(178260640, 817901760, 143132808)
(178260640, 2422247520, 143132808)
(178260640, 306713160, 143132808)
(178260640, 406984770, 143132808)
(178260640, 1006648320, 143132808)
(178260640, 338170920, 143132808)
(178260640, 2516620800, 143132808)
(178260640, 344069250, 143132808)
(178260640, 3359688768, 143132808)
(178260640, 1086865608, 143132808)
(178260640, 3296773248, 143132808)
(178260640, 1275612168, 143132808)
(178260640, 1648386624, 143132808)
(178260640, 1080180834, 143132808)
(178260640, 1679844384, 143132808)
(178260640, 1174554114, 143132808)
(178260640, 2684395520, 143132808)
(178260640, 3227566176, 143132808)
(178260640, 1623220416, 143132808)
(178260640, 811610208, 143132808)
(178260640, 2428539072, 143132808)
(178260640, 1112031816, 143132808)
(178260640, 1212303426, 143132808)
(178260640, 407377992, 143132808)
(178260640, 306319938, 143132808)
(178260640, 537403400, 143132808)
(178260640, 69993516, 143132808)
(178260640, 738470916, 143132808)
(178260640, 874525728, 143132808)
(178260640, 470293512, 143132808)
(178260640, 2248443396, 143132808)
(178260640, 75891846, 143132808)
(178260640, 2491454592, 143132808)
(178260640, 369235458, 143132808)
(178260640, 3321939456, 143132808)
(178260640, 1811966976, 143132808)
(178260640, 905983488, 143132808)
(178260640, 2617285632, 143132808)
(178260640, 1143489576, 143132808)
(178260640, 1149387906, 143132808)
(178260640, 344462472, 143132808)
(178260640, 337777698, 143132808)
(178260640, 38535756, 143132808)
(178260640, 549724356, 143132808)
(178260640, 843067968, 143132808)
(178260640, 281546952, 143132808)
(178260640, 2154070116, 143132808)
(178260640, 138807366, 143132808)
(178260640, 2554370112, 143132808)
(178260640, 274862178, 143132808)
(178260640, 3255878160, 143132808)
(178260640, 1077428280, 143132808)
(178260640, 35389980, 143132808)
(178260640, 2150924340, 143132808)
(178260640, 1745905680, 143132808)
(178260640, 1083326610, 143132808)
(178260640, 546578580, 143132808)
(178260640, 135661590, 143132808)
(2183692840, 3233857728, 143132808)
(2183692840, 1212696648, 143132808)
(2183692840, 3422604288, 143132808)
(2183692840, 1149781128, 143132808)
(2183692840, 1616928864, 143132808)
(2183692840, 1111638594, 143132808)
(2183692840, 1711302144, 143132808)
(2183692840, 1143096354, 143132808)
(2183692840, 4026593280, 143132808)
(2183692840, 1352683680, 143132808)
(2183692840, 1509972480, 143132808)
(2183692840, 1342853130, 143132808)
(2183692840, 806105100, 143132808)
(2183692840, 405018660, 143132808)
(2183692840, 310645380, 143132808)
(2183692840, 2416349190, 143132808)
(2183692840, 1086865608, 143132808)
(2183692840, 3359688768, 143132808)
(2183692840, 1275612168, 143132808)
(2183692840, 3296773248, 143132808)
(2183692840, 1648386624, 143132808)
(2183692840, 1080180834, 143132808)
(2183692840, 1679844384, 143132808)
(2183692840, 1174554114, 143132808)
(2183692840, 2149613600, 143132808)
(2183692840, 1088438496, 143132808)
(2183692840, 3762348096, 143132808)
(2183692840, 1881174048, 143132808)
(2183692840, 3498102912, 143132808)
(2183692840, 1245727296, 143132808)
(2183692840, 1078607946, 143132808)
(2183692840, 1476941832, 143132808)
(2183692840, 1375883778, 143132808)
(2183692840, 2621480, 143132808)
(2183692840, 203688996, 143132808)
(2183692840, 604775436, 143132808)
(2183692840, 807677988, 143132808)
(2183692840, 403445772, 143132808)
(2183692840, 109315716, 143132808)
(2183692840, 2215019526, 143132808)
(2183692840, 2424606852, 143132808)
(2183692840, 302387718, 143132808)
(2183692840, 1308642816, 143132808)
(2183692840, 3825263616, 143132808)
(2183692840, 1912631808, 143132808)
(2183692840, 3623933952, 143132808)
(2183692840, 1151354016, 143132808)
(2183692840, 1141523466, 143132808)
(2183692840, 1351110792, 143132808)
(2183692840, 1344426018, 143132808)
(2183692840, 46400196, 143132808)
(2183692840, 541859916, 143132808)
(2183692840, 839135748, 143132808)
(2183692840, 277614732, 143132808)
(2183692840, 140773476, 143132808)
(2183692840, 2152104006, 143132808)
(2183692840, 2550437892, 143132808)
(2183692840, 270929958, 143132808)
(2183692840, 47186640, 143132808)
(2183692840, 141559920, 143132808)
(2183692840, 235933200, 143132808)
(2183692840, 78644400, 143132808)
(2183692840, 542646360, 143132808)
(2183692840, 2152890450, 143132808)
(2183692840, 2752554000, 143132808)
(2183692840, 68813850, 143132808)
(3233857728, 1711302144, 143132808)
(3233857728, 1143096354, 143132808)
(3233857728, 106956384, 143132808)
(3233857728, 608314434, 143132808)
(3233857728, 1509972480, 143132808)
(3233857728, 1342853130, 143132808)
(3233857728, 306713160, 143132808)
(3233857728, 406984770, 143132808)
(3233857728, 2516620800, 143132808)
(3233857728, 344069250, 143132808)
(3233857728, 310645380, 143132808)
(3233857728, 2416349190, 143132808)
(3233857728, 713042560, 143132808)
(3233857728, 2718474760, 143132808)
(3233857728, 2317388320, 143132808)
(3233857728, 44565160, 143132808)
(3233857728, 641738304, 143132808)
(3233857728, 73532514, 143132808)
(3233857728, 1176520224, 143132808)
(3233857728, 1677878274, 143132808)
(3233857728, 440408640, 143132808)
(3233857728, 273289290, 143132808)
(3233857728, 1376277000, 143132808)
(3233857728, 1476548610, 143132808)
(3233857728, 377493120, 143132808)
(3233857728, 2483196930, 143132808)
(3233857728, 2449773060, 143132808)
(3233857728, 277221510, 143132808)
(3233857728, 3221274624, 143132808)
(3233857728, 1778412032, 143132808)
(3233857728, 2785060352, 143132808)
(3233857728, 2583730688, 143132808)
(3233857728, 1442862592, 143132808)
(3233857728, 1082146944, 143132808)
(3233857728, 1076510762, 143132808)
(3233857728, 77726882, 143132808)
(3233857728, 277483658, 143132808)
(3233857728, 1409438722, 143132808)
(3233857728, 575152712, 143132808)
(3233857728, 579084932, 143132808)
(3233857728, 310907528, 143132808)
(3233857728, 306451012, 143132808)
(3233857728, 140642402, 143132808)
(3233857728, 2150006822, 143132808)
(3233857728, 2550306818, 143132808)
(3233857728, 273027142, 143132808)
(3233857728, 174066272, 143132808)
(3233857728, 111150752, 143132808)
(3233857728, 177212048, 143132808)
(3233857728, 105907792, 143132808)
(3233857728, 541728842, 143132808)
(3233857728, 2751636482, 143132808)
(3233857728, 2149220378, 143132808)
(3233857728, 72483922, 143132808)
(3233857728, 1109934632, 143132808)
(3233857728, 2183430692, 143132808)
(3233857728, 2182644248, 143132808)
(3233857728, 1108623892, 143132808)
(3233857728, 1744988162, 143132808)
(3233857728, 545661062, 143132808)
(3233857728, 143788178, 143132808)
(3233857728, 1075200022, 143132808)
(1212696648, 1711302144, 143132808)
(1212696648, 1143096354, 143132808)
(1212696648, 106956384, 143132808)
(1212696648, 608314434, 143132808)
(1212696648, 4026593280, 143132808)
(1212696648, 1352683680, 143132808)
(1212696648, 817901760, 143132808)
(1212696648, 2422247520, 143132808)
(1212696648, 1006648320, 143132808)
(1212696648, 338170920, 143132808)
(1212696648, 806105100, 143132808)
(1212696648, 405018660, 143132808)
(1212696648, 2718474760, 143132808)
(1212696648, 713042560, 143132808)
(1212696648, 44565160, 143132808)
(1212696648, 2317388320, 143132808)
(1212696648, 641738304, 143132808)
(1212696648, 73532514, 143132808)
(1212696648, 1176520224, 143132808)
(1212696648, 1677878274, 143132808)
(1212696648, 2957029440, 143132808)
(1212696648, 283119840, 143132808)
(1212696648, 1887465600, 143132808)
(1212696648, 3491811360, 143132808)
(1212696648, 872952840, 143132808)
(1212696648, 471866400, 143132808)
(1212696648, 939800580, 143132808)
(1212696648, 271323180, 143132808)
(1212696648, 3791708672, 143132808)
(1212696648, 2214626304, 143132808)
(1212696648, 771763712, 143132808)
(1212696648, 3087054848, 143132808)
(1212696648, 1946186752, 143132808)
(1212696648, 1084375202, 143132808)
(1212696648, 75498624, 143132808)
(1212696648, 69862442, 143132808)
(1212696648, 279449768, 143132808)
(1212696648, 1411404832, 143132808)
(1212696648, 583017152, 143132808)
(1212696648, 571220492, 143132808)
(1212696648, 814231688, 143132808)
(1212696648, 809775172, 143132808)
(1212696648, 2153939042, 143132808)
(1212696648, 136710182, 143132808)
(1212696648, 2552272928, 143132808)
(1212696648, 274993252, 143132808)
(1212696648, 48235232, 143132808)
(1212696648, 236981792, 143132808)
(1212696648, 145754288, 143132808)
(1212696648, 74450032, 143132808)
(1212696648, 2688720962, 143132808)
(1212696648, 604644362, 143132808)
(1212696648, 2685968408, 143132808)
(1212696648, 609231952, 143132808)
(1212696648, 3256926752, 143132808)
(1212696648, 36438572, 143132808)
(1212696648, 2151186488, 143132808)
(1212696648, 1077166132, 143132808)
(1212696648, 1619157122, 143132808)
(1212696648, 671492102, 143132808)
(1212696648, 680536208, 143132808)
(1212696648, 1611948052, 143132808)
(3422604288, 1616928864, 143132808)
(3422604288, 1111638594, 143132808)
(3422604288, 106956384, 143132808)
(3422604288, 608314434, 143132808)
(3422604288, 1352683680, 143132808)
(3422604288, 2422247520, 143132808)
(3422604288, 1342853130, 143132808)
(3422604288, 406984770, 143132808)
(3422604288, 338170920, 143132808)
(3422604288, 405018660, 143132808)
(3422604288, 344069250, 143132808)
(3422604288, 2416349190, 143132808)
(3422604288, 681584800, 143132808)
(3422604288, 2687017000, 143132808)
(3422604288, 2191557280, 143132808)
(3422604288, 170396200, 143132808)
(3422604288, 610280544, 143132808)
(3422604288, 104990274, 143132808)
(3422604288, 1113604704, 143132808)
(3422604288, 1614962754, 143132808)
(3422604288, 3221274624, 143132808)
(3422604288, 1621123232, 143132808)
(3422604288, 2690687072, 143132808)
(3422604288, 2426441888, 143132808)
(3422604288, 1348489312, 143132808)
(3422604288, 1207977984, 143132808)
(3422604288, 1107968522, 143132808)
(3422604288, 172100162, 143132808)
(3422604288, 403314698, 143132808)
(3422604288, 1346523202, 143132808)
(3422604288, 606610472, 143132808)
(3422604288, 673458212, 143132808)
(3422604288, 405280808, 143132808)
(3422604288, 337908772, 143132808)
(3422604288, 109184642, 143132808)
(3422604288, 2181464582, 143132808)
(3422604288, 2424475778, 143132808)
(3422604288, 335942662, 143132808)
(3422604288, 346035360, 143132808)
(3422604288, 336204810, 143132808)
(3422604288, 1344819240, 143132808)
(3422604288, 1350717570, 143132808)
(3422604288, 408950880, 143132808)
(3422604288, 2420281410, 143132808)
(3422604288, 2418315300, 143132808)
(3422604288, 403052550, 143132808)
(3422604288, 111150752, 143132808)
(3422604288, 174066272, 143132808)
(3422604288, 105907792, 143132808)
(3422604288, 177212048, 143132808)
(3422604288, 604644362, 143132808)
(3422604288, 2688720962, 143132808)
(3422604288, 609231952, 143132808)
(3422604288, 2685968408, 143132808)
(3422604288, 1109934632, 143132808)
(3422604288, 2183430692, 143132808)
(3422604288, 2182644248, 143132808)
(3422604288, 1108623892, 143132808)
(3422604288, 1619157122, 143132808)
(3422604288, 671492102, 143132808)
(3422604288, 680536208, 143132808)
(3422604288, 1611948052, 143132808)
(1149781128, 1616928864, 143132808)
(1149781128, 1111638594, 143132808)
(1149781128, 106956384, 143132808)
(1149781128, 608314434, 143132808)
(1149781128, 4026593280, 143132808)
(1149781128, 817901760, 143132808)
(1149781128, 1509972480, 143132808)
(1149781128, 306713160, 143132808)
(1149781128, 1006648320, 143132808)
(1149781128, 806105100, 143132808)
(1149781128, 2516620800, 143132808)
(1149781128, 310645380, 143132808)
(1149781128, 2687017000, 143132808)
(1149781128, 681584800, 143132808)
(1149781128, 170396200, 143132808)
(1149781128, 2191557280, 143132808)
(1149781128, 610280544, 143132808)
(1149781128, 104990274, 143132808)
(1149781128, 1113604704, 143132808)
(1149781128, 1614962754, 143132808)
(1149781128, 3760250912, 143132808)
(1149781128, 2151710784, 143132808)
(1149781128, 551559392, 143132808)
(1149781128, 2961223808, 143132808)
(1149781128, 1883271232, 143132808)
(1149781128, 1241664002, 143132808)
(1149781128, 138414144, 143132808)
(1149781128, 38404682, 143132808)
(1149781128, 436738568, 143132808)
(1149781128, 1379947072, 143132808)
(1149781128, 740305952, 143132808)
(1149781128, 539762732, 143132808)
(1149781128, 940062728, 143132808)
(1149781128, 872690692, 143132808)
(1149781128, 2248312322, 143132808)
(1149781128, 42336902, 143132808)
(1149781128, 2457899648, 143132808)
(1149781128, 369366532, 143132808)
(1149781128, 3019944960, 143132808)
(1149781128, 503324160, 143132808)
(1149781128, 2013296640, 143132808)
(1149781128, 3523269120, 143132808)
(1149781128, 810037320, 143132808)
(1149781128, 314577600, 143132808)
(1149781128, 813969540, 143132808)
(1149781128, 302780940, 143132808)
(1149781128, 236981792, 143132808)
(1149781128, 48235232, 143132808)
(1149781128, 74450032, 143132808)
(1149781128, 145754288, 143132808)
(1149781128, 2751636482, 143132808)
(1149781128, 541728842, 143132808)
(1149781128, 72483922, 143132808)
(1149781128, 2149220378, 143132808)
(1149781128, 3256926752, 143132808)
(1149781128, 36438572, 143132808)
(1149781128, 2151186488, 143132808)
(1149781128, 1077166132, 143132808)
(1149781128, 1744988162, 143132808)
(1149781128, 545661062, 143132808)
(1149781128, 143788178, 143132808)
(1149781128, 1075200022, 143132808)
(213912768, 1616928864, 143132808)
(213912768, 1111638594, 143132808)
(213912768, 1711302144, 143132808)
(213912768, 1143096354, 143132808)
(213912768, 1352683680, 143132808)
(213912768, 2422247520, 143132808)
(213912768, 1509972480, 143132808)
(213912768, 306713160, 143132808)
(213912768, 338170920, 143132808)
(213912768, 405018660, 143132808)
(213912768, 2516620800, 143132808)
(213912768, 310645380, 143132808)
(213912768, 2820712480, 143132808)
(213912768, 547889320, 143132808)
(213912768, 2726339200, 143132808)
(213912768, 705178120, 143132808)
(213912768, 1679844384, 143132808)
(213912768, 1174554114, 143132808)
(213912768, 1648386624, 143132808)
(213912768, 1080180834, 143132808)
(213912768, 2690687072, 143132808)
(213912768, 3221274624, 143132808)
(213912768, 1621123232, 143132808)
(213912768, 1348489312, 143132808)
(213912768, 2426441888, 143132808)
(213912768, 38404682, 143132808)
(213912768, 1074282504, 143132808)
(213912768, 1241664002, 143132808)
(213912768, 1379947072, 143132808)
(213912768, 436738568, 143132808)
(213912768, 606610472, 143132808)
(213912768, 673458212, 143132808)
(213912768, 405280808, 143132808)
(213912768, 337908772, 143132808)
(213912768, 2248312322, 143132808)
(213912768, 42336902, 143132808)
(213912768, 2457899648, 143132808)
(213912768, 369366532, 143132808)
(213912768, 2785060352, 143132808)
(213912768, 1778412032, 143132808)
(213912768, 1442862592, 143132808)
(213912768, 2583730688, 143132808)
(213912768, 69862442, 143132808)
(213912768, 1084375202, 143132808)
(213912768, 1411404832, 143132808)
(213912768, 279449768, 143132808)
(213912768, 575152712, 143132808)
(213912768, 579084932, 143132808)
(213912768, 310907528, 143132808)
(213912768, 306451012, 143132808)
(213912768, 2153939042, 143132808)
(213912768, 136710182, 143132808)
(213912768, 2552272928, 143132808)
(213912768, 274993252, 143132808)
(213912768, 2752554000, 143132808)
(213912768, 68813850, 143132808)
(213912768, 542646360, 143132808)
(213912768, 2152890450, 143132808)
(213912768, 1745905680, 143132808)
(213912768, 1083326610, 143132808)
(213912768, 546578580, 143132808)
(213912768, 135661590, 143132808)
(2219344968, 1616928864, 143132808)
(2219344968, 1111638594, 143132808)
(2219344968, 1711302144, 143132808)
(2219344968, 1143096354, 143132808)
(2219344968, 4026593280, 143132808)
(2219344968, 817901760, 143132808)
(2219344968, 1342853130, 143132808)
(2219344968, 406984770, 143132808)
(2219344968, 1006648320, 143132808)
(2219344968, 806105100, 143132808)
(2219344968, 344069250, 143132808)
(2219344968, 2416349190, 143132808)
(2219344968, 547889320, 143132808)
(2219344968, 2820712480, 143132808)
(2219344968, 705178120, 143132808)
(2219344968, 2726339200, 143132808)
(2219344968, 1679844384, 143132808)
(2219344968, 1174554114, 143132808)
(2219344968, 1648386624, 143132808)
(2219344968, 1080180834, 143132808)
(2219344968, 2151710784, 143132808)
(2219344968, 551559392, 143132808)
(2219344968, 3760250912, 143132808)
(2219344968, 1883271232, 143132808)
(2219344968, 2961223808, 143132808)
(2219344968, 4718664, 143132808)
(2219344968, 172100162, 143132808)
(2219344968, 1107968522, 143132808)
(2219344968, 1346523202, 143132808)
(2219344968, 403314698, 143132808)
(2219344968, 740305952, 143132808)
(2219344968, 539762732, 143132808)
(2219344968, 940062728, 143132808)
(2219344968, 872690692, 143132808)
(2219344968, 109184642, 143132808)
(2219344968, 2181464582, 143132808)
(2219344968, 2424475778, 143132808)
(2219344968, 335942662, 143132808)
(2219344968, 771763712, 143132808)
(2219344968, 3791708672, 143132808)
(2219344968, 1946186752, 143132808)
(2219344968, 3087054848, 143132808)
(2219344968, 77726882, 143132808)
(2219344968, 1076510762, 143132808)
(2219344968, 1409438722, 143132808)
(2219344968, 277483658, 143132808)
(2219344968, 583017152, 143132808)
(2219344968, 571220492, 143132808)
(2219344968, 814231688, 143132808)
(2219344968, 809775172, 143132808)
(2219344968, 140642402, 143132808)
(2219344968, 2150006822, 143132808)
(2219344968, 2550306818, 143132808)
(2219344968, 273027142, 143132808)
(2219344968, 78644400, 143132808)
(2219344968, 235933200, 143132808)
(2219344968, 141559920, 143132808)
(2219344968, 47186640, 143132808)
(2219344968, 1077428280, 143132808)
(2219344968, 3255878160, 143132808)
(2219344968, 2150924340, 143132808)
(2219344968, 35389980, 143132808)
(1616928864, 1509972480, 143132808)
(1616928864, 1342853130, 143132808)
(1616928864, 306713160, 143132808)
(1616928864, 406984770, 143132808)
(1616928864, 1006648320, 143132808)
(1616928864, 338170920, 143132808)
(1616928864, 806105100, 143132808)
(1616928864, 405018660, 143132808)
(1616928864, 2317388320, 143132808)
(1616928864, 44565160, 143132808)
(1616928864, 713042560, 143132808)
(1616928864, 2718474760, 143132808)
(1616928864, 2353040448, 143132808)
(1616928864, 80217288, 143132808)
(1616928864, 1283476608, 143132808)
(1616928864, 3288908808, 143132808)
(1616928864, 440408640, 143132808)
(1616928864, 273289290, 143132808)
(1616928864, 1376277000, 143132808)
(1616928864, 1476548610, 143132808)
(1616928864, 471866400, 143132808)
(1616928864, 872952840, 143132808)
(1616928864, 271323180, 143132808)
(1616928864, 939800580, 143132808)
(1616928864, 3389049344, 143132808)
(1616928864, 2885725184, 143132808)
(1616928864, 2415955968, 143132808)
(1616928864, 973093376, 143132808)
(1616928864, 1543527424, 143132808)
(1616928864, 1082802314, 143132808)
(1616928864, 78120104, 143132808)
(1616928864, 276828288, 143132808)
(1616928864, 271192106, 143132808)
(1616928864, 1409831944, 143132808)
(1616928864, 46662344, 143132808)
(1616928864, 546054284, 143132808)
(1616928864, 839397896, 143132808)
(1616928864, 273420364, 143132808)
(1616928864, 2286061634, 143132808)
(1616928864, 2284095524, 143132808)
(1616928864, 404887586, 143132808)
(1616928864, 407115844, 143132808)
(1616928864, 180357824, 143132808)
(1616928864, 211815584, 143132808)
(1616928864, 170920496, 143132808)
(1616928864, 206572624, 143132808)
(1616928864, 2152366154, 143132808)
(1616928864, 2752029704, 143132808)
(1616928864, 538583066, 143132808)
(1616928864, 72877144, 143132808)
(1616928864, 3255353864, 143132808)
(1616928864, 2150400044, 143132808)
(1616928864, 37225016, 143132808)
(1616928864, 1075593244, 143132808)
(1616928864, 1216497794, 143132808)
(1616928864, 679749764, 143132808)
(1616928864, 672278546, 143132808)
(1616928864, 1209288724, 143132808)
(1111638594, 4026593280, 143132808)
(1111638594, 1352683680, 143132808)
(1111638594, 817901760, 143132808)
(1111638594, 2422247520, 143132808)
(1111638594, 2516620800, 143132808)
(1111638594, 344069250, 143132808)
(1111638594, 310645380, 143132808)
(1111638594, 2416349190, 143132808)
(1111638594, 2818746370, 143132808)
(1111638594, 545923210, 143132808)
(1111638594, 144836770, 143132808)
(1111638594, 2150268970, 143132808)
(1111638594, 2353040448, 143132808)
(1111638594, 80217288, 143132808)
(1111638594, 1283476608, 143132808)
(1111638594, 3288908808, 143132808)
(1111638594, 2957029440, 143132808)
(1111638594, 283119840, 143132808)
(1111638594, 1887465600, 143132808)
(1111638594, 3491811360, 143132808)
(1111638594, 2483196930, 143132808)
(1111638594, 377493120, 143132808)
(1111638594, 277221510, 143132808)
(1111638594, 2449773060, 143132808)
(1111638594, 3892373504, 143132808)
(1111638594, 2382401024, 143132808)
(1111638594, 2986390016, 143132808)
(1111638594, 2113961472, 143132808)
(1111638594, 3556824064, 143132808)
(1111638594, 1084768424, 143132808)
(1111638594, 76153994, 143132808)
(1111638594, 279056546, 143132808)
(1111638594, 1412060202, 143132808)
(1111638594, 1417696384, 143132808)
(1111638594, 549986504, 143132808)
(1111638594, 42730124, 143132808)
(1111638594, 847262336, 143132808)
(1111638594, 281284804, 143132808)
(1111638594, 2288027744, 143132808)
(1111638594, 2282129414, 143132808)
(1111638594, 2418184226, 143132808)
(1111638594, 2420412484, 143132808)
(1111638594, 148900064, 143132808)
(1111638594, 243273344, 143132808)
(1111638594, 45089456, 143132808)
(1111638594, 80741584, 143132808)
(1111638594, 2689114184, 143132808)
(1111638594, 2215281674, 143132808)
(1111638594, 2685575186, 143132808)
(1111638594, 2219869264, 143132808)
(1111638594, 3223896104, 143132808)
(1111638594, 2181857804, 143132808)
(1111638594, 2184217136, 143132808)
(1111638594, 3222585364, 143132808)
(1111638594, 1753245824, 143132808)
(1111638594, 143001734, 143132808)
(1111638594, 546447506, 143132808)
(1111638594, 1083457684, 143132808)
(1711302144, 1352683680, 143132808)
(1711302144, 817901760, 143132808)
(1711302144, 1342853130, 143132808)
(1711302144, 306713160, 143132808)
(1711302144, 338170920, 143132808)
(1711302144, 806105100, 143132808)
(1711302144, 344069250, 143132808)
(1711302144, 310645380, 143132808)
(1711302144, 2191557280, 143132808)
(1711302144, 170396200, 143132808)
(1711302144, 681584800, 143132808)
(1711302144, 2687017000, 143132808)
(1711302144, 2227209408, 143132808)
(1711302144, 206048328, 143132808)
(1711302144, 1220561088, 143132808)
(1711302144, 3225993288, 143132808)
(1711302144, 3231760544, 143132808)
(1711302144, 2696978624, 143132808)
(1711302144, 2415955968, 143132808)
(1711302144, 815804576, 143132808)
(1711302144, 1354780864, 143132808)
(1711302144, 1208633354, 143132808)
(1711302144, 172493384, 143132808)
(1711302144, 402659328, 143132808)
(1711302144, 302649866, 143132808)
(1711302144, 1346916424, 143132808)
(1711302144, 203951144, 143132808)
(1711302144, 671885324, 143132808)
(1711302144, 807940136, 143132808)
(1711302144, 336335884, 143132808)
(1711302144, 2223146114, 143132808)
(1711302144, 2189722244, 143132808)
(1711302144, 310514306, 143132808)
(1711302144, 344200324, 143132808)
(1711302144, 346035360, 143132808)
(1711302144, 336204810, 143132808)
(1711302144, 1344819240, 143132808)
(1711302144, 1350717570, 143132808)
(1711302144, 314577600, 143132808)
(1711302144, 810037320, 143132808)
(1711302144, 302780940, 143132808)
(1711302144, 813969540, 143132808)
(1711302144, 211815584, 143132808)
(1711302144, 180357824, 143132808)
(1711302144, 206572624, 143132808)
(1711302144, 170920496, 143132808)
(1711302144, 2215281674, 143132808)
(1711302144, 2689114184, 143132808)
(1711302144, 2219869264, 143132808)
(1711302144, 2685575186, 143132808)
(1711302144, 3223896104, 143132808)
(1711302144, 2181857804, 143132808)
(1711302144, 2184217136, 143132808)
(1711302144, 3222585364, 143132808)
(1711302144, 1216497794, 143132808)
(1711302144, 679749764, 143132808)
(1711302144, 672278546, 143132808)
(1711302144, 1209288724, 143132808)
(1143096354, 4026593280, 143132808)
(1143096354, 2422247520, 143132808)
(1143096354, 1509972480, 143132808)
(1143096354, 406984770, 143132808)
(1143096354, 1006648320, 143132808)
(1143096354, 405018660, 143132808)
(1143096354, 2516620800, 143132808)
(1143096354, 2416349190, 143132808)
(1143096354, 2692915330, 143132808)
(1143096354, 671754250, 143132808)
(1143096354, 176294530, 143132808)
(1143096354, 2181726730, 143132808)
(1143096354, 2227209408, 143132808)
(1143096354, 206048328, 143132808)
(1143096354, 1220561088, 143132808)
(1143096354, 3225993288, 143132808)
(1143096354, 3766542464, 143132808)
(1143096354, 2162196704, 143132808)
(1143096354, 2954932256, 143132808)
(1143096354, 1893757152, 143132808)
(1143096354, 3493908544, 143132808)
(1143096354, 1242057224, 143132808)
(1143096354, 139069514, 143132808)
(1143096354, 436345346, 143132808)
(1143096354, 1380602442, 143132808)
(1143096354, 1480611904, 143132808)
(1143096354, 738733064, 143132808)
(1143096354, 137103404, 143132808)
(1143096354, 941635616, 143132808)
(1143096354, 470031364, 143132808)
(1143096354, 2256569984, 143132808)
(1143096354, 2156298374, 143132808)
(1143096354, 2449641986, 143132808)
(1143096354, 2483328004, 143132808)
(1143096354, 3019944960, 143132808)
(1143096354, 503324160, 143132808)
(1143096354, 2013296640, 143132808)
(1143096354, 3523269120, 143132808)
(1143096354, 2420281410, 143132808)
(1143096354, 408950880, 143132808)
(1143096354, 403052550, 143132808)
(1143096354, 2418315300, 143132808)
(1143096354, 243273344, 143132808)
(1143096354, 148900064, 143132808)
(1143096354, 80741584, 143132808)
(1143096354, 45089456, 143132808)
(1143096354, 2752029704, 143132808)
(1143096354, 2152366154, 143132808)
(1143096354, 72877144, 143132808)
(1143096354, 538583066, 143132808)
(1143096354, 3255353864, 143132808)
(1143096354, 2150400044, 143132808)
(1143096354, 37225016, 143132808)
(1143096354, 1075593244, 143132808)
(1143096354, 1753245824, 143132808)
(1143096354, 143001734, 143132808)
(1143096354, 546447506, 143132808)
(1143096354, 1083457684, 143132808)
(106956384, 1352683680, 143132808)
(106956384, 817901760, 143132808)
(106956384, 1509972480, 143132808)
(106956384, 406984770, 143132808)
(106956384, 1006648320, 143132808)
(106956384, 405018660, 143132808)
(106956384, 344069250, 143132808)
(106956384, 310645380, 143132808)
(106956384, 2726339200, 143132808)
(106956384, 705178120, 143132808)
(106956384, 2820712480, 143132808)
(106956384, 547889320, 143132808)
(106956384, 3296773248, 143132808)
(106956384, 1275612168, 143132808)
(106956384, 3359688768, 143132808)
(106956384, 1086865608, 143132808)
(106956384, 2696978624, 143132808)
(106956384, 3231760544, 143132808)
(106956384, 1354780864, 143132808)
(106956384, 815804576, 143132808)
(106956384, 2415955968, 143132808)
(106956384, 139069514, 143132808)
(106956384, 1242057224, 143132808)
(106956384, 1480611904, 143132808)
(106956384, 268963848, 143132808)
(106956384, 436345346, 143132808)
(106956384, 738733064, 143132808)
(106956384, 137103404, 143132808)
(106956384, 941635616, 143132808)
(106956384, 470031364, 143132808)
(106956384, 2223146114, 143132808)
(106956384, 2189722244, 143132808)
(106956384, 310514306, 143132808)
(106956384, 344200324, 143132808)
(106956384, 2885725184, 143132808)
(106956384, 3389049344, 143132808)
(106956384, 1543527424, 143132808)
(106956384, 973093376, 143132808)
(106956384, 76153994, 143132808)
(106956384, 1084768424, 143132808)
(106956384, 1417696384, 143132808)
(106956384, 279056546, 143132808)
(106956384, 549986504, 143132808)
(106956384, 42730124, 143132808)
(106956384, 847262336, 143132808)
(106956384, 281284804, 143132808)
(106956384, 2286061634, 143132808)
(106956384, 2284095524, 143132808)
(106956384, 404887586, 143132808)
(106956384, 407115844, 143132808)
(106956384, 2752554000, 143132808)
(106956384, 68813850, 143132808)
(106956384, 542646360, 143132808)
(106956384, 2152890450, 143132808)
(106956384, 3255878160, 143132808)
(106956384, 1077428280, 143132808)
(106956384, 35389980, 143132808)
(106956384, 2150924340, 143132808)
(608314434, 4026593280, 143132808)
(608314434, 2422247520, 143132808)
(608314434, 1342853130, 143132808)
(608314434, 306713160, 143132808)
(608314434, 338170920, 143132808)
(608314434, 806105100, 143132808)
(608314434, 2516620800, 143132808)
(608314434, 2416349190, 143132808)
(608314434, 2158133410, 143132808)
(608314434, 136972330, 143132808)
(608314434, 2315422210, 143132808)
(608314434, 42599050, 143132808)
(608314434, 3296773248, 143132808)
(608314434, 1275612168, 143132808)
(608314434, 3359688768, 143132808)
(608314434, 1086865608, 143132808)
(608314434, 2162196704, 143132808)
(608314434, 3766542464, 143132808)
(608314434, 3493908544, 143132808)
(608314434, 1893757152, 143132808)
(608314434, 2954932256, 143132808)
(608314434, 172493384, 143132808)
(608314434, 1208633354, 143132808)
(608314434, 1514297922, 143132808)
(608314434, 1346916424, 143132808)
(608314434, 302649866, 143132808)
(608314434, 203951144, 143132808)
(608314434, 671885324, 143132808)
(608314434, 807940136, 143132808)
(608314434, 336335884, 143132808)
(608314434, 2256569984, 143132808)
(608314434, 2156298374, 143132808)
(608314434, 2449641986, 143132808)
(608314434, 2483328004, 143132808)
(608314434, 2382401024, 143132808)
(608314434, 3892373504, 143132808)
(608314434, 3556824064, 143132808)
(608314434, 2986390016, 143132808)
(608314434, 78120104, 143132808)
(608314434, 1082802314, 143132808)
(608314434, 1409831944, 143132808)
(608314434, 271192106, 143132808)
(608314434, 46662344, 143132808)
(608314434, 546054284, 143132808)
(608314434, 839397896, 143132808)
(608314434, 273420364, 143132808)
(608314434, 2288027744, 143132808)
(608314434, 2282129414, 143132808)
(608314434, 2418184226, 143132808)
(608314434, 2420412484, 143132808)
(608314434, 78644400, 143132808)
(608314434, 235933200, 143132808)
(608314434, 141559920, 143132808)
(608314434, 47186640, 143132808)
(608314434, 1083326610, 143132808)
(608314434, 1745905680, 143132808)
(608314434, 135661590, 143132808)
(608314434, 546578580, 143132808)
(4026593280, 2684395520, 143132808)
(4026593280, 680011912, 143132808)
(4026593280, 2284357672, 143132808)
(4026593280, 2189984392, 143132808)
(4026593280, 573055528, 143132808)
(4026593280, 3221274624, 143132808)
(4026593280, 1216891016, 143132808)
(4026593280, 2286454856, 143132808)
(4026593280, 2223539336, 143132808)
(4026593280, 1145586760, 143132808)
(4026593280, 1610637312, 143132808)
(4026593280, 1109541410, 143132808)
(4026593280, 574759490, 143132808)
(4026593280, 606217250, 143132808)
(4026593280, 1145193538, 143132808)
(4026593280, 407377992, 143132808)
(4026593280, 306319938, 143132808)
(4026593280, 405280808, 143132808)
(4026593280, 337908772, 143132808)
(4026593280, 310514306, 143132808)
(4026593280, 344200324, 143132808)
(4026593280, 344462472, 143132808)
(4026593280, 337777698, 143132808)
(4026593280, 310907528, 143132808)
(4026593280, 306451012, 143132808)
(4026593280, 404887586, 143132808)
(4026593280, 407115844, 143132808)
(4026593280, 608707656, 143132808)
(4026593280, 2218951746, 143132808)
(4026593280, 1109934632, 143132808)
(4026593280, 2183430692, 143132808)
(4026593280, 1216497794, 143132808)
(4026593280, 679749764, 143132808)
(1352683680, 2284357672, 143132808)
(1352683680, 2684395520, 143132808)
(1352683680, 680011912, 143132808)
(1352683680, 573055528, 143132808)
(1352683680, 2189984392, 143132808)
(1352683680, 3356018696, 143132808)
(1352683680, 2151710784, 143132808)
(1352683680, 147327176, 143132808)
(1352683680, 2357234816, 143132808)
(1352683680, 1279282240, 143132808)
(1352683680, 1644323330, 143132808)
(1352683680, 541073472, 143132808)
(1352683680, 39977570, 143132808)
(1352683680, 639641120, 143132808)
(1352683680, 1178617408, 143132808)
(1352683680, 407377992, 143132808)
(1352683680, 306319938, 143132808)
(1352683680, 940062728, 143132808)
(1352683680, 872690692, 143132808)
(1352683680, 2449641986, 143132808)
(1352683680, 2483328004, 143132808)
(1352683680, 1811966976, 143132808)
(1352683680, 3321939456, 143132808)
(1352683680, 46662344, 143132808)
(1352683680, 546054284, 143132808)
(1352683680, 140642402, 143132808)
(1352683680, 2150006822, 143132808)
(1352683680, 210766992, 143132808)
(1352683680, 103810608, 143132808)
(1352683680, 37225016, 143132808)
(1352683680, 1075593244, 143132808)
(1352683680, 143788178, 143132808)
(1352683680, 1075200022, 143132808)
(817901760, 2819139592, 143132808)
(817901760, 2149613600, 143132808)
(817901760, 145229992, 143132808)
(817901760, 2323679872, 143132808)
(817901760, 706751008, 143132808)
(817901760, 2286454856, 143132808)
(817901760, 3221274624, 143132808)
(817901760, 1216891016, 143132808)
(817901760, 1145586760, 143132808)
(817901760, 2223539336, 143132808)
(817901760, 39977570, 143132808)
(817901760, 1075855392, 143132808)
(817901760, 1644323330, 143132808)
(817901760, 1178617408, 143132808)
(817901760, 639641120, 143132808)
(817901760, 1476941832, 143132808)
(817901760, 1375883778, 143132808)
(817901760, 405280808, 143132808)
(817901760, 337908772, 143132808)
(817901760, 2449641986, 143132808)
(817901760, 2483328004, 143132808)
(817901760, 1778412032, 143132808)
(817901760, 2785060352, 143132808)
(817901760, 1082802314, 143132808)
(817901760, 78120104, 143132808)
(817901760, 140773476, 143132808)
(817901760, 2152104006, 143132808)
(817901760, 177212048, 143132808)
(817901760, 105907792, 143132808)
(817901760, 538583066, 143132808)
(817901760, 72877144, 143132808)
(817901760, 143919252, 143132808)
(817901760, 538320918, 143132808)
(2422247520, 2149613600, 143132808)
(2422247520, 145229992, 143132808)
(2422247520, 2819139592, 143132808)
(2422247520, 706751008, 143132808)
(2422247520, 2323679872, 143132808)
(2422247520, 2151710784, 143132808)
(2422247520, 147327176, 143132808)
(2422247520, 3356018696, 143132808)
(2422247520, 1279282240, 143132808)
(2422247520, 2357234816, 143132808)
(2422247520, 6291552, 143132808)
(2422247520, 574759490, 143132808)
(2422247520, 1109541410, 143132808)
(2422247520, 1145193538, 143132808)
(2422247520, 606217250, 143132808)
(2422247520, 1476941832, 143132808)
(2422247520, 1375883778, 143132808)
(2422247520, 940062728, 143132808)
(2422247520, 872690692, 143132808)
(2422247520, 310514306, 143132808)
(2422247520, 344200324, 143132808)
(2422247520, 973093376, 143132808)
(2422247520, 1543527424, 143132808)
(2422247520, 277483658, 143132808)
(2422247520, 1409438722, 143132808)
(2422247520, 277614732, 143132808)
(2422247520, 839135748, 143132808)
(2422247520, 180357824, 143132808)
(2422247520, 211815584, 143132808)
(2422247520, 541728842, 143132808)
(2422247520, 2751636482, 143132808)
(2422247520, 1076641836, 143132808)
(2422247520, 3255091716, 143132808)
(1509972480, 2189984392, 143132808)
(1509972480, 573055528, 143132808)
(1509972480, 2684395520, 143132808)
(1509972480, 680011912, 143132808)
(1509972480, 2284357672, 143132808)
(1509972480, 3230187656, 143132808)
(1509972480, 2294319296, 143132808)
(1509972480, 2214626304, 143132808)
(1509972480, 210242696, 143132808)
(1509972480, 1153451200, 143132808)
(1509972480, 1612865570, 143132808)
(1509972480, 576725600, 143132808)
(1509972480, 603988992, 143132808)
(1509972480, 102893090, 143132808)
(1509972480, 1147159648, 143132808)
(1509972480, 1623220416, 143132808)
(1509972480, 3227566176, 143132808)
(1509972480, 203951144, 143132808)
(1509972480, 671885324, 143132808)
(1509972480, 109184642, 143132808)
(1509972480, 2181464582, 143132808)
(1509972480, 344462472, 143132808)
(1509972480, 337777698, 143132808)
(1509972480, 814231688, 143132808)
(1509972480, 809775172, 143132808)
(1509972480, 2418184226, 143132808)
(1509972480, 2420412484, 143132808)
(1509972480, 103810608, 143132808)
(1509972480, 210766992, 143132808)
(1509972480, 2184217136, 143132808)
(1509972480, 3222585364, 143132808)
(1509972480, 680536208, 143132808)
(1509972480, 1611948052, 143132808)
(1342853130, 2290256002, 143132808)
(1342853130, 673327138, 143132808)
(1342853130, 578953858, 143132808)
(1342853130, 178916010, 143132808)
(1342853130, 2183299618, 143132808)
(1342853130, 3363883136, 143132808)
(1342853130, 2160623816, 143132808)
(1342853130, 2349370376, 143132808)
(1342853130, 1288195272, 143132808)
(1342853130, 3292578880, 143132808)
(1342853130, 1646289440, 143132808)
(1342853130, 543301730, 143132808)
(1342853130, 637675010, 143132808)
(1342853130, 1180845666, 143132808)
(1342853130, 1681941568, 143132808)
(1342853130, 1623220416, 143132808)
(1342853130, 3227566176, 143132808)
(1342853130, 738733064, 143132808)
(1342853130, 137103404, 143132808)
(1342853130, 2248312322, 143132808)
(1342853130, 42336902, 143132808)
(1342853130, 1811966976, 143132808)
(1342853130, 3321939456, 143132808)
(1342853130, 549986504, 143132808)
(1342853130, 42730124, 143132808)
(1342853130, 2153939042, 143132808)
(1342853130, 136710182, 143132808)
(1342853130, 2218951746, 143132808)
(1342853130, 608707656, 143132808)
(1342853130, 3256926752, 143132808)
(1342853130, 36438572, 143132808)
(1342853130, 1753245824, 143132808)
(1342853130, 143001734, 143132808)
(306713160, 2323679872, 143132808)
(306713160, 706751008, 143132808)
(306713160, 2819139592, 143132808)
(306713160, 145229992, 143132808)
(306713160, 2149613600, 143132808)
(306713160, 2294319296, 143132808)
(306713160, 3230187656, 143132808)
(306713160, 1153451200, 143132808)
(306713160, 210242696, 143132808)
(306713160, 2214626304, 143132808)
(306713160, 543301730, 143132808)
(306713160, 1646289440, 143132808)
(306713160, 1681941568, 143132808)
(306713160, 69207072, 143132808)
(306713160, 637675010, 143132808)
(306713160, 3762348096, 143132808)
(306713160, 1088438496, 143132808)
(306713160, 738733064, 143132808)
(306713160, 137103404, 143132808)
(306713160, 109184642, 143132808)
(306713160, 2181464582, 143132808)
(306713160, 3791708672, 143132808)
(306713160, 771763712, 143132808)
(306713160, 1084768424, 143132808)
(306713160, 76153994, 143132808)
(306713160, 140773476, 143132808)
(306713160, 2152104006, 143132808)
(306713160, 148900064, 143132808)
(306713160, 243273344, 143132808)
(306713160, 2688720962, 143132808)
(306713160, 604644362, 143132808)
(306713160, 3255091716, 143132808)
(306713160, 1076641836, 143132808)
(406984770, 2156560522, 143132808)
(406984770, 539631658, 143132808)
(406984770, 2718081538, 143132808)
(406984770, 713697930, 143132808)
(406984770, 44171938, 143132808)
(406984770, 2160623816, 143132808)
(406984770, 3363883136, 143132808)
(406984770, 3292578880, 143132808)
(406984770, 1288195272, 143132808)
(406984770, 2349370376, 143132808)
(406984770, 576725600, 143132808)
(406984770, 1612865570, 143132808)
(406984770, 1715627586, 143132808)
(406984770, 1147159648, 143132808)
(406984770, 102893090, 143132808)
(406984770, 3762348096, 143132808)
(406984770, 1088438496, 143132808)
(406984770, 203951144, 143132808)
(406984770, 671885324, 143132808)
(406984770, 2248312322, 143132808)
(406984770, 42336902, 143132808)
(406984770, 2986390016, 143132808)
(406984770, 3556824064, 143132808)
(406984770, 279449768, 143132808)
(406984770, 1411404832, 143132808)
(406984770, 277614732, 143132808)
(406984770, 839135748, 143132808)
(406984770, 145754288, 143132808)
(406984770, 74450032, 143132808)
(406984770, 2685575186, 143132808)
(406984770, 2219869264, 143132808)
(406984770, 538320918, 143132808)
(406984770, 143919252, 143132808)
(1006648320, 2693308552, 143132808)
(1006648320, 2292222112, 143132808)
(1006648320, 2181071360, 143132808)
(1006648320, 176687752, 143132808)
(1006648320, 580919968, 143132808)
(1006648320, 2223539336, 143132808)
(1006648320, 1145586760, 143132808)
(1006648320, 3221274624, 143132808)
(1006648320, 1216891016, 143132808)
(1006648320, 2286454856, 143132808)
(1006648320, 102893090, 143132808)
(1006648320, 1147159648, 143132808)
(1006648320, 1107313152, 143132808)
(1006648320, 1612865570, 143132808)
(1006648320, 576725600, 143132808)
(1006648320, 1621123232, 143132808)
(1006648320, 2690687072, 143132808)
(1006648320, 1208633354, 143132808)
(1006648320, 172493384, 143132808)
(1006648320, 109315716, 143132808)
(1006648320, 2215019526, 143132808)
(1006648320, 1351110792, 143132808)
(1006648320, 1344426018, 143132808)
(1006648320, 310907528, 143132808)
(1006648320, 306451012, 143132808)
(1006648320, 2418184226, 143132808)
(1006648320, 2420412484, 143132808)
(1006648320, 105907792, 143132808)
(1006648320, 177212048, 143132808)
(1006648320, 2219869264, 143132808)
(1006648320, 2685575186, 143132808)
(1006648320, 1217415312, 143132808)
(1006648320, 1611816978, 143132808)
(338170920, 2292222112, 143132808)
(338170920, 2693308552, 143132808)
(338170920, 580919968, 143132808)
(338170920, 176687752, 143132808)
(338170920, 2181071360, 143132808)
(338170920, 2357234816, 143132808)
(338170920, 1279282240, 143132808)
(338170920, 3356018696, 143132808)
(338170920, 147327176, 143132808)
(338170920, 2151710784, 143132808)
(338170920, 637675010, 143132808)
(338170920, 1681941568, 143132808)
(338170920, 1646289440, 143132808)
(338170920, 37749312, 143132808)
(338170920, 543301730, 143132808)
(338170920, 3760250912, 143132808)
(338170920, 551559392, 143132808)
(338170920, 1242057224, 143132808)
(338170920, 139069514, 143132808)
(338170920, 109315716, 143132808)
(338170920, 2215019526, 143132808)
(338170920, 3825263616, 143132808)
(338170920, 1308642816, 143132808)
(338170920, 549986504, 143132808)
(338170920, 42730124, 143132808)
(338170920, 140642402, 143132808)
(338170920, 2150006822, 143132808)
(338170920, 243273344, 143132808)
(338170920, 148900064, 143132808)
(338170920, 2751636482, 143132808)
(338170920, 541728842, 143132808)
(338170920, 3223633956, 143132808)
(338170920, 1108099596, 143132808)
(806105100, 2827004032, 143132808)
(806105100, 2158526632, 143132808)
(806105100, 2315815432, 143132808)
(806105100, 715664040, 143132808)
(806105100, 2720047648, 143132808)
(806105100, 2290387076, 143132808)
(806105100, 1212434500, 143132808)
(806105100, 1149518980, 143132808)
(806105100, 214699212, 143132808)
(806105100, 2219082820, 143132808)
(806105100, 36045350, 143132808)
(806105100, 1080311908, 143132808)
(806105100, 1174685188, 143132808)
(806105100, 644097636, 143132808)
(806105100, 71697478, 143132808)
(806105100, 1621123232, 143132808)
(806105100, 2690687072, 143132808)
(806105100, 1242057224, 143132808)
(806105100, 139069514, 143132808)
(806105100, 2248443396, 143132808)
(806105100, 75891846, 143132808)
(806105100, 1778412032, 143132808)
(806105100, 2785060352, 143132808)
(806105100, 1084768424, 143132808)
(806105100, 76153994, 143132808)
(806105100, 2154070116, 143132808)
(806105100, 138807366, 143132808)
(806105100, 2755699776, 143132808)
(806105100, 71959626, 143132808)
(806105100, 2183430692, 143132808)
(806105100, 1109934632, 143132808)
(806105100, 143001734, 143132808)
(806105100, 1753245824, 143132808)
(405018660, 2158526632, 143132808)
(405018660, 2827004032, 143132808)
(405018660, 2720047648, 143132808)
(405018660, 715664040, 143132808)
(405018660, 2315815432, 143132808)
(405018660, 2156691596, 143132808)
(405018660, 1078739020, 143132808)
(405018660, 3288646660, 143132808)
(405018660, 1284263052, 143132808)
(405018660, 79955140, 143132808)
(405018660, 570827270, 143132808)
(405018660, 1615093828, 143132808)
(405018660, 1713661476, 143132808)
(405018660, 1141261318, 143132808)
(405018660, 105121348, 143132808)
(405018660, 3760250912, 143132808)
(405018660, 551559392, 143132808)
(405018660, 1208633354, 143132808)
(405018660, 172493384, 143132808)
(405018660, 2248443396, 143132808)
(405018660, 75891846, 143132808)
(405018660, 2986390016, 143132808)
(405018660, 3556824064, 143132808)
(405018660, 277483658, 143132808)
(405018660, 1409438722, 143132808)
(405018660, 281546952, 143132808)
(405018660, 843067968, 143132808)
(405018660, 147851472, 143132808)
(405018660, 40895088, 143132808)
(405018660, 3222585364, 143132808)
(405018660, 2184217136, 143132808)
(405018660, 1075200022, 143132808)
(405018660, 143788178, 143132808)
(2516620800, 2181071360, 143132808)
(2516620800, 176687752, 143132808)
(2516620800, 580919968, 143132808)
(2516620800, 2693308552, 143132808)
(2516620800, 2292222112, 143132808)
(2516620800, 2214626304, 143132808)
(2516620800, 210242696, 143132808)
(2516620800, 1153451200, 143132808)
(2516620800, 3230187656, 143132808)
(2516620800, 2294319296, 143132808)
(2516620800, 100664832, 143132808)
(2516620800, 606217250, 143132808)
(2516620800, 1145193538, 143132808)
(2516620800, 1109541410, 143132808)
(2516620800, 574759490, 143132808)
(2516620800, 815804576, 143132808)
(2516620800, 1354780864, 143132808)
(2516620800, 403314698, 143132808)
(2516620800, 1346523202, 143132808)
(2516620800, 403445772, 143132808)
(2516620800, 807677988, 143132808)
(2516620800, 1351110792, 143132808)
(2516620800, 1344426018, 143132808)
(2516620800, 814231688, 143132808)
(2516620800, 809775172, 143132808)
(2516620800, 404887586, 143132808)
(2516620800, 407115844, 143132808)
(2516620800, 211815584, 143132808)
(2516620800, 180357824, 143132808)
(2516620800, 604644362, 143132808)
(2516620800, 2688720962, 143132808)
(2516620800, 1108099596, 143132808)
(2516620800, 3223633956, 143132808)
(344069250, 2282391562, 143132808)
(344069250, 2686623778, 143132808)
(344069250, 682240170, 143132808)
(344069250, 571089418, 143132808)
(344069250, 170002978, 143132808)
(344069250, 2349370376, 143132808)
(344069250, 3292578880, 143132808)
(344069250, 1288195272, 143132808)
(344069250, 3363883136, 143132808)
(344069250, 2160623816, 143132808)
(344069250, 639641120, 143132808)
(344069250, 1684169826, 143132808)
(344069250, 1178617408, 143132808)
(344069250, 1644323330, 143132808)
(344069250, 39977570, 143132808)
(344069250, 2954932256, 143132808)
(344069250, 3493908544, 143132808)
(344069250, 436738568, 143132808)
(344069250, 1379947072, 143132808)
(344069250, 403445772, 143132808)
(344069250, 807677988, 143132808)
(344069250, 3825263616, 143132808)
(344069250, 1308642816, 143132808)
(344069250, 46662344, 143132808)
(344069250, 546054284, 143132808)
(344069250, 2153939042, 143132808)
(344069250, 136710182, 143132808)
(344069250, 74450032, 143132808)
(344069250, 145754288, 143132808)
(344069250, 72877144, 143132808)
(344069250, 538583066, 143132808)
(344069250, 1611816978, 143132808)
(344069250, 1217415312, 143132808)
(310645380, 2315815432, 143132808)
(310645380, 2720047648, 143132808)
(310645380, 715664040, 143132808)
(310645380, 2827004032, 143132808)
(310645380, 2158526632, 143132808)
(310645380, 2282522636, 143132808)
(310645380, 3225731140, 143132808)
(310645380, 1221347532, 143132808)
(310645380, 1141654540, 143132808)
(310645380, 205786180, 143132808)
(310645380, 539369510, 143132808)
(310645380, 1650745956, 143132808)
(310645380, 1078345798, 143132808)
(310645380, 1678009348, 143132808)
(310645380, 73663588, 143132808)
(310645380, 2954932256, 143132808)
(310645380, 3493908544, 143132808)
(310645380, 403314698, 143132808)
(310645380, 1346523202, 143132808)
(310645380, 470293512, 143132808)
(310645380, 874525728, 143132808)
(310645380, 3791708672, 143132808)
(310645380, 771763712, 143132808)
(310645380, 1082802314, 143132808)
(310645380, 78120104, 143132808)
(310645380, 2154070116, 143132808)
(310645380, 138807366, 143132808)
(310645380, 40895088, 143132808)
(310645380, 147851472, 143132808)
(310645380, 1075593244, 143132808)
(310645380, 37225016, 143132808)
(310645380, 1611948052, 143132808)
(310645380, 680536208, 143132808)
(2416349190, 2147647490, 143132808)
(2416349190, 143263882, 143132808)
(2416349190, 547496098, 143132808)
(2416349190, 704784898, 143132808)
(2416349190, 36307498, 143132808)
(2416349190, 2147778564, 143132808)
(2416349190, 143394956, 143132808)
(2416349190, 1086603460, 143132808)
(2416349190, 1275350020, 143132808)
(2416349190, 72090700, 143132808)
(2416349190, 393222, 143132808)
(2416349190, 572793380, 143132808)
(2416349190, 1111769668, 143132808)
(2416349190, 1143227428, 143132808)
(2416349190, 608445508, 143132808)
(2416349190, 815804576, 143132808)
(2416349190, 1354780864, 143132808)
(2416349190, 436738568, 143132808)
(2416349190, 1379947072, 143132808)
(2416349190, 470293512, 143132808)
(2416349190, 874525728, 143132808)
(2416349190, 973093376, 143132808)
(2416349190, 1543527424, 143132808)
(2416349190, 279449768, 143132808)
(2416349190, 1411404832, 143132808)
(2416349190, 281546952, 143132808)
(2416349190, 843067968, 143132808)
(2416349190, 71959626, 143132808)
(2416349190, 2755699776, 143132808)
(2416349190, 36438572, 143132808)
(2416349190, 3256926752, 143132808)
(2416349190, 679749764, 143132808)
(2416349190, 1216497794, 143132808)
