(41120, 52224, 32768)
(41120, 17544, 32768)
(41120, 3264, 32768)
(41120, 33864, 32768)
(41120, 26112, 32768)
(41120, 17442, 32768)
(41120, 1632, 32768)
(41120, 9282, 32768)
(41120, 15360, 32768)
(41120, 5160, 32768)
(41120, 12300, 32768)
(41120, 6180, 32768)
(41120, 38400, 32768)
(41120, 5250, 32768)
(41120, 4740, 32768)
(41120, 36870, 32768)
(41120, 32896, 32768)
(41120, 19584, 32768)
(41120, 50184, 32768)
(41120, 35904, 32768)
(41120, 1224, 32768)
(41120, 17952, 32768)
(41120, 25602, 32768)
(41120, 9792, 32768)
(41120, 1122, 32768)
(41120, 7200, 32768)
(41120, 13320, 32768)
(41120, 4140, 32768)
(41120, 14340, 32768)
(41120, 5760, 32768)
(41120, 37890, 32768)
(41120, 37380, 32768)
(41120, 4230, 32768)
(41120, 40960, 32768)
(41120, 27648, 32768)
(41120, 50688, 32768)
(41120, 39936, 32768)
(41120, 13824, 32768)
(41120, 17448, 32768)
(41120, 17538, 32768)
(41120, 5256, 32768)
(41120, 5154, 32768)
(41120, 8320, 32768)
(41120, 8268, 32768)
(41120, 708, 32768)
(41120, 4236, 32768)
(41120, 12804, 32768)
(41120, 2148, 32768)
(41120, 32838, 32768)
(41120, 38916, 32768)
(41120, 4134, 32768)
(41120, 3168, 32768)
(41120, 1728, 32768)
(41120, 3216, 32768)
(41120, 1584, 32768)
(41120, 9288, 32768)
(41120, 33858, 32768)
(41120, 33816, 32768)
(41120, 9234, 32768)
(41120, 16428, 32768)
(41120, 49668, 32768)
(41120, 32796, 32768)
(41120, 564, 32768)
(41120, 26628, 32768)
(41120, 16518, 32768)
(41120, 2196, 32768)
(41120, 8214, 32768)
(10280, 52224, 32768)
(10280, 17544, 32768)
(10280, 3264, 32768)
(10280, 33864, 32768)
(10280, 26112, 32768)
(10280, 17442, 32768)
(10280, 1632, 32768)
(10280, 9282, 32768)
(10280, 61440, 32768)
(10280, 20640, 32768)
(10280, 12480, 32768)
(10280, 36960, 32768)
(10280, 23040, 32768)
(10280, 20490, 32768)
(10280, 4680, 32768)
(10280, 6210, 32768)
(10280, 32896, 32768)
(10280, 50184, 32768)
(10280, 19584, 32768)
(10280, 1224, 32768)
(10280, 35904, 32768)
(10280, 17952, 32768)
(10280, 25602, 32768)
(10280, 9792, 32768)
(10280, 1122, 32768)
(10280, 53280, 32768)
(10280, 28800, 32768)
(10280, 4320, 32768)
(10280, 45120, 32768)
(10280, 21000, 32768)
(10280, 22530, 32768)
(10280, 6720, 32768)
(10280, 4170, 32768)
(10280, 33280, 32768)
(10280, 58368, 32768)
(10280, 19968, 32768)
(10280, 55296, 32768)
(10280, 29184, 32768)
(10280, 17568, 32768)
(10280, 17418, 32768)
(10280, 20616, 32768)
(10280, 20514, 32768)
(10280, 640, 32768)
(10280, 8388, 32768)
(10280, 588, 32768)
(10280, 4296, 32768)
(10280, 12864, 32768)
(10280, 32868, 32768)
(10280, 2118, 32768)
(10280, 38976, 32768)
(10280, 4194, 32768)
(10280, 1248, 32768)
(10280, 3648, 32768)
(10280, 2256, 32768)
(10280, 624, 32768)
(10280, 42048, 32768)
(10280, 1098, 32768)
(10280, 32856, 32768)
(10280, 8274, 32768)
(10280, 49188, 32768)
(10280, 16908, 32768)
(10280, 49176, 32768)
(10280, 16944, 32768)
(10280, 24708, 32768)
(10280, 18438, 32768)
(10280, 18576, 32768)
(10280, 24594, 32768)
(43520, 18504, 32768)
(43520, 3264, 32768)
(43520, 33864, 32768)
(43520, 24672, 32768)
(43520, 16962, 32768)
(43520, 1632, 32768)
(43520, 9282, 32768)
(43520, 12480, 32768)
(43520, 36960, 32768)
(43520, 4680, 32768)
(43520, 6210, 32768)
(43520, 12300, 32768)
(43520, 6180, 32768)
(43520, 4740, 32768)
(43520, 36870, 32768)
(43520, 34816, 32768)
(43520, 18624, 32768)
(43520, 49224, 32768)
(43520, 33984, 32768)
(43520, 3144, 32768)
(43520, 16992, 32768)
(43520, 24642, 32768)
(43520, 9312, 32768)
(43520, 1602, 32768)
(43520, 40960, 32768)
(43520, 24768, 32768)
(43520, 49248, 32768)
(43520, 37056, 32768)
(43520, 12384, 32768)
(43520, 16968, 32768)
(43520, 18498, 32768)
(43520, 6216, 32768)
(43520, 4674, 32768)
(43520, 10240, 32768)
(43520, 9228, 32768)
(43520, 3108, 32768)
(43520, 6156, 32768)
(43520, 12324, 32768)
(43520, 1668, 32768)
(43520, 33798, 32768)
(43520, 36996, 32768)
(43520, 4614, 32768)
(43520, 4800, 32768)
(43520, 12360, 32768)
(43520, 4620, 32768)
(43520, 12420, 32768)
(43520, 6240, 32768)
(43520, 36930, 32768)
(43520, 36900, 32768)
(43520, 6150, 32768)
(43520, 1728, 32768)
(43520, 3168, 32768)
(43520, 1584, 32768)
(43520, 3216, 32768)
(43520, 9288, 32768)
(43520, 33858, 32768)
(43520, 33816, 32768)
(43520, 9234, 32768)
(43520, 16908, 32768)
(43520, 49188, 32768)
(43520, 16944, 32768)
(43520, 49176, 32768)
(43520, 24708, 32768)
(43520, 18438, 32768)
(43520, 18576, 32768)
(43520, 24594, 32768)
(8840, 49344, 32768)
(8840, 3264, 32768)
(8840, 33864, 32768)
(8840, 24672, 32768)
(8840, 16962, 32768)
(8840, 1632, 32768)
(8840, 9282, 32768)
(8840, 61440, 32768)
(8840, 20640, 32768)
(8840, 23040, 32768)
(8840, 20490, 32768)
(8840, 15360, 32768)
(8840, 5160, 32768)
(8840, 38400, 32768)
(8840, 5250, 32768)
(8840, 34816, 32768)
(8840, 49224, 32768)
(8840, 18624, 32768)
(8840, 3144, 32768)
(8840, 33984, 32768)
(8840, 16992, 32768)
(8840, 24642, 32768)
(8840, 9312, 32768)
(8840, 1602, 32768)
(8840, 32800, 32768)
(8840, 57408, 32768)
(8840, 16608, 32768)
(8840, 53376, 32768)
(8840, 28704, 32768)
(8840, 19008, 32768)
(8840, 16458, 32768)
(8840, 22536, 32768)
(8840, 20994, 32768)
(8840, 2080, 32768)
(8840, 11268, 32768)
(8840, 1068, 32768)
(8840, 7176, 32768)
(8840, 13344, 32768)
(8840, 34308, 32768)
(8840, 1158, 32768)
(8840, 38016, 32768)
(8840, 5634, 32768)
(8840, 53760, 32768)
(8840, 30720, 32768)
(8840, 7680, 32768)
(8840, 46080, 32768)
(8840, 20520, 32768)
(8840, 20610, 32768)
(8840, 5280, 32768)
(8840, 5130, 32768)
(8840, 3648, 32768)
(8840, 1248, 32768)
(8840, 624, 32768)
(8840, 2256, 32768)
(8840, 42048, 32768)
(8840, 1098, 32768)
(8840, 32856, 32768)
(8840, 8274, 32768)
(8840, 49668, 32768)
(8840, 16428, 32768)
(8840, 564, 32768)
(8840, 32796, 32768)
(8840, 26628, 32768)
(8840, 16518, 32768)
(8840, 2196, 32768)
(8840, 8214, 32768)
(2720, 49344, 32768)
(2720, 18504, 32768)
(2720, 52224, 32768)
(2720, 17544, 32768)
(2720, 16962, 32768)
(2720, 26112, 32768)
(2720, 17442, 32768)
(2720, 12480, 32768)
(2720, 36960, 32768)
(2720, 4680, 32768)
(2720, 6210, 32768)
(2720, 15360, 32768)
(2720, 5160, 32768)
(2720, 38400, 32768)
(2720, 5250, 32768)
(2720, 32776, 32768)
(2720, 51264, 32768)
(2720, 16584, 32768)
(2720, 50304, 32768)
(2720, 19464, 32768)
(2720, 25152, 32768)
(2720, 16482, 32768)
(2720, 25632, 32768)
(2720, 17922, 32768)
(2720, 40960, 32768)
(2720, 49248, 32768)
(2720, 24768, 32768)
(2720, 12384, 32768)
(2720, 37056, 32768)
(2720, 16968, 32768)
(2720, 18498, 32768)
(2720, 6216, 32768)
(2720, 4674, 32768)
(2720, 8200, 32768)
(2720, 1068, 32768)
(2720, 11268, 32768)
(2720, 13344, 32768)
(2720, 7176, 32768)
(2720, 34308, 32768)
(2720, 1158, 32768)
(2720, 38016, 32768)
(2720, 5634, 32768)
(2720, 50688, 32768)
(2720, 27648, 32768)
(2720, 13824, 32768)
(2720, 39936, 32768)
(2720, 17448, 32768)
(2720, 17538, 32768)
(2720, 5256, 32768)
(2720, 5154, 32768)
(2720, 588, 32768)
(2720, 8388, 32768)
(2720, 12864, 32768)
(2720, 4296, 32768)
(2720, 32868, 32768)
(2720, 2118, 32768)
(2720, 38976, 32768)
(2720, 4194, 32768)
(2720, 49680, 32768)
(2720, 16440, 32768)
(2720, 540, 32768)
(2720, 32820, 32768)
(2720, 26640, 32768)
(2720, 16530, 32768)
(2720, 8340, 32768)
(2720, 2070, 32768)
(33320, 49344, 32768)
(33320, 18504, 32768)
(33320, 52224, 32768)
(33320, 17544, 32768)
(33320, 24672, 32768)
(33320, 26112, 32768)
(33320, 17442, 32768)
(33320, 61440, 32768)
(33320, 20640, 32768)
(33320, 23040, 32768)
(33320, 20490, 32768)
(33320, 12300, 32768)
(33320, 6180, 32768)
(33320, 4740, 32768)
(33320, 36870, 32768)
(33320, 32776, 32768)
(33320, 16584, 32768)
(33320, 51264, 32768)
(33320, 19464, 32768)
(33320, 50304, 32768)
(33320, 25152, 32768)
(33320, 16482, 32768)
(33320, 25632, 32768)
(33320, 17922, 32768)
(33320, 32800, 32768)
(33320, 16608, 32768)
(33320, 57408, 32768)
(33320, 28704, 32768)
(33320, 53376, 32768)
(33320, 19008, 32768)
(33320, 16458, 32768)
(33320, 22536, 32768)
(33320, 20994, 32768)
(33320, 40, 32768)
(33320, 3108, 32768)
(33320, 9228, 32768)
(33320, 12324, 32768)
(33320, 6156, 32768)
(33320, 1668, 32768)
(33320, 33798, 32768)
(33320, 36996, 32768)
(33320, 4614, 32768)
(33320, 19968, 32768)
(33320, 58368, 32768)
(33320, 29184, 32768)
(33320, 55296, 32768)
(33320, 17568, 32768)
(33320, 17418, 32768)
(33320, 20616, 32768)
(33320, 20514, 32768)
(33320, 708, 32768)
(33320, 8268, 32768)
(33320, 12804, 32768)
(33320, 4236, 32768)
(33320, 2148, 32768)
(33320, 32838, 32768)
(33320, 38916, 32768)
(33320, 4134, 32768)
(33320, 720, 32768)
(33320, 2160, 32768)
(33320, 3600, 32768)
(33320, 1200, 32768)
(33320, 8280, 32768)
(33320, 32850, 32768)
(33320, 42000, 32768)
(33320, 1050, 32768)
(49344, 26112, 32768)
(49344, 17442, 32768)
(49344, 1632, 32768)
(49344, 9282, 32768)
(49344, 23040, 32768)
(49344, 20490, 32768)
(49344, 4680, 32768)
(49344, 6210, 32768)
(49344, 38400, 32768)
(49344, 5250, 32768)
(49344, 4740, 32768)
(49344, 36870, 32768)
(49344, 32896, 32768)
(49344, 10880, 32768)
(49344, 41480, 32768)
(49344, 35360, 32768)
(49344, 680, 32768)
(49344, 9792, 32768)
(49344, 1122, 32768)
(49344, 17952, 32768)
(49344, 25602, 32768)
(49344, 6720, 32768)
(49344, 4170, 32768)
(49344, 21000, 32768)
(49344, 22530, 32768)
(49344, 5760, 32768)
(49344, 37890, 32768)
(49344, 37380, 32768)
(49344, 4230, 32768)
(49344, 49152, 32768)
(49344, 27136, 32768)
(49344, 42496, 32768)
(49344, 39424, 32768)
(49344, 22016, 32768)
(49344, 16512, 32768)
(49344, 16426, 32768)
(49344, 1186, 32768)
(49344, 4234, 32768)
(49344, 21506, 32768)
(49344, 8776, 32768)
(49344, 8836, 32768)
(49344, 4744, 32768)
(49344, 4676, 32768)
(49344, 2146, 32768)
(49344, 32806, 32768)
(49344, 38914, 32768)
(49344, 4166, 32768)
(49344, 2656, 32768)
(49344, 1696, 32768)
(49344, 2704, 32768)
(49344, 1616, 32768)
(49344, 8266, 32768)
(49344, 41986, 32768)
(49344, 32794, 32768)
(49344, 1106, 32768)
(49344, 16936, 32768)
(49344, 33316, 32768)
(49344, 33304, 32768)
(49344, 16916, 32768)
(49344, 26626, 32768)
(49344, 8326, 32768)
(49344, 2194, 32768)
(49344, 16406, 32768)
(18504, 26112, 32768)
(18504, 17442, 32768)
(18504, 1632, 32768)
(18504, 9282, 32768)
(18504, 61440, 32768)
(18504, 20640, 32768)
(18504, 12480, 32768)
(18504, 36960, 32768)
(18504, 15360, 32768)
(18504, 5160, 32768)
(18504, 12300, 32768)
(18504, 6180, 32768)
(18504, 32896, 32768)
(18504, 41480, 32768)
(18504, 10880, 32768)
(18504, 680, 32768)
(18504, 35360, 32768)
(18504, 9792, 32768)
(18504, 1122, 32768)
(18504, 17952, 32768)
(18504, 25602, 32768)
(18504, 45120, 32768)
(18504, 4320, 32768)
(18504, 28800, 32768)
(18504, 53280, 32768)
(18504, 13320, 32768)
(18504, 7200, 32768)
(18504, 14340, 32768)
(18504, 4140, 32768)
(18504, 57856, 32768)
(18504, 33792, 32768)
(18504, 11776, 32768)
(18504, 47104, 32768)
(18504, 29696, 32768)
(18504, 16546, 32768)
(18504, 1152, 32768)
(18504, 1066, 32768)
(18504, 4264, 32768)
(18504, 21536, 32768)
(18504, 8896, 32768)
(18504, 8716, 32768)
(18504, 12424, 32768)
(18504, 12356, 32768)
(18504, 32866, 32768)
(18504, 2086, 32768)
(18504, 38944, 32768)
(18504, 4196, 32768)
(18504, 736, 32768)
(18504, 3616, 32768)
(18504, 2224, 32768)
(18504, 1136, 32768)
(18504, 41026, 32768)
(18504, 9226, 32768)
(18504, 40984, 32768)
(18504, 9296, 32768)
(18504, 49696, 32768)
(18504, 556, 32768)
(18504, 32824, 32768)
(18504, 16436, 32768)
(18504, 24706, 32768)
(18504, 10246, 32768)
(18504, 10384, 32768)
(18504, 24596, 32768)
(52224, 24672, 32768)
(52224, 16962, 32768)
(52224, 1632, 32768)
(52224, 9282, 32768)
(52224, 20640, 32768)
(52224, 36960, 32768)
(52224, 20490, 32768)
(52224, 6210, 32768)
(52224, 5160, 32768)
(52224, 6180, 32768)
(52224, 5250, 32768)
(52224, 36870, 32768)
(52224, 34816, 32768)
(52224, 10400, 32768)
(52224, 41000, 32768)
(52224, 33440, 32768)
(52224, 2600, 32768)
(52224, 9312, 32768)
(52224, 1602, 32768)
(52224, 16992, 32768)
(52224, 24642, 32768)
(52224, 49152, 32768)
(52224, 24736, 32768)
(52224, 41056, 32768)
(52224, 37024, 32768)
(52224, 20576, 32768)
(52224, 18432, 32768)
(52224, 16906, 32768)
(52224, 2626, 32768)
(52224, 6154, 32768)
(52224, 20546, 32768)
(52224, 9256, 32768)
(52224, 10276, 32768)
(52224, 6184, 32768)
(52224, 5156, 32768)
(52224, 1666, 32768)
(52224, 33286, 32768)
(52224, 36994, 32768)
(52224, 5126, 32768)
(52224, 5280, 32768)
(52224, 5130, 32768)
(52224, 20520, 32768)
(52224, 20610, 32768)
(52224, 6240, 32768)
(52224, 36930, 32768)
(52224, 36900, 32768)
(52224, 6150, 32768)
(52224, 1696, 32768)
(52224, 2656, 32768)
(52224, 1616, 32768)
(52224, 2704, 32768)
(52224, 9226, 32768)
(52224, 41026, 32768)
(52224, 9296, 32768)
(52224, 40984, 32768)
(52224, 16936, 32768)
(52224, 33316, 32768)
(52224, 33304, 32768)
(52224, 16916, 32768)
(52224, 24706, 32768)
(52224, 10246, 32768)
(52224, 10384, 32768)
(52224, 24596, 32768)
(17544, 24672, 32768)
(17544, 16962, 32768)
(17544, 1632, 32768)
(17544, 9282, 32768)
(17544, 61440, 32768)
(17544, 12480, 32768)
(17544, 23040, 32768)
(17544, 4680, 32768)
(17544, 15360, 32768)
(17544, 12300, 32768)
(17544, 38400, 32768)
(17544, 4740, 32768)
(17544, 34816, 32768)
(17544, 41000, 32768)
(17544, 10400, 32768)
(17544, 2600, 32768)
(17544, 33440, 32768)
(17544, 9312, 32768)
(17544, 1602, 32768)
(17544, 16992, 32768)
(17544, 24642, 32768)
(17544, 57376, 32768)
(17544, 32832, 32768)
(17544, 8416, 32768)
(17544, 45184, 32768)
(17544, 28736, 32768)
(17544, 18946, 32768)
(17544, 2112, 32768)
(17544, 586, 32768)
(17544, 6664, 32768)
(17544, 21056, 32768)
(17544, 11296, 32768)
(17544, 8236, 32768)
(17544, 14344, 32768)
(17544, 13316, 32768)
(17544, 34306, 32768)
(17544, 646, 32768)
(17544, 37504, 32768)
(17544, 5636, 32768)
(17544, 46080, 32768)
(17544, 7680, 32768)
(17544, 30720, 32768)
(17544, 53760, 32768)
(17544, 12360, 32768)
(17544, 4800, 32768)
(17544, 12420, 32768)
(17544, 4620, 32768)
(17544, 3616, 32768)
(17544, 736, 32768)
(17544, 1136, 32768)
(17544, 2224, 32768)
(17544, 41986, 32768)
(17544, 8266, 32768)
(17544, 1106, 32768)
(17544, 32794, 32768)
(17544, 49696, 32768)
(17544, 556, 32768)
(17544, 32824, 32768)
(17544, 16436, 32768)
(17544, 26626, 32768)
(17544, 8326, 32768)
(17544, 2194, 32768)
(17544, 16406, 32768)
(3264, 24672, 32768)
(3264, 16962, 32768)
(3264, 17442, 32768)
(3264, 20640, 32768)
(3264, 36960, 32768)
(3264, 23040, 32768)
(3264, 4680, 32768)
(3264, 5160, 32768)
(3264, 6180, 32768)
(3264, 38400, 32768)
(3264, 4740, 32768)
(3264, 32776, 32768)
(3264, 43040, 32768)
(3264, 8360, 32768)
(3264, 41600, 32768)
(3264, 10760, 32768)
(3264, 25632, 32768)
(3264, 17922, 32768)
(3264, 25152, 32768)
(3264, 16482, 32768)
(3264, 41056, 32768)
(3264, 49152, 32768)
(3264, 24736, 32768)
(3264, 20576, 32768)
(3264, 37024, 32768)
(3264, 586, 32768)
(3264, 16392, 32768)
(3264, 18946, 32768)
(3264, 21056, 32768)
(3264, 6664, 32768)
(3264, 9256, 32768)
(3264, 10276, 32768)
(3264, 6184, 32768)
(3264, 5156, 32768)
(3264, 34306, 32768)
(3264, 646, 32768)
(3264, 37504, 32768)
(3264, 5636, 32768)
(3264, 42496, 32768)
(3264, 27136, 32768)
(3264, 22016, 32768)
(3264, 39424, 32768)
(3264, 1066, 32768)
(3264, 16546, 32768)
(3264, 21536, 32768)
(3264, 4264, 32768)
(3264, 8776, 32768)
(3264, 8836, 32768)
(3264, 4744, 32768)
(3264, 4676, 32768)
(3264, 32866, 32768)
(3264, 2086, 32768)
(3264, 38944, 32768)
(3264, 4196, 32768)
(3264, 42000, 32768)
(3264, 1050, 32768)
(3264, 8280, 32768)
(3264, 32850, 32768)
(3264, 26640, 32768)
(3264, 16530, 32768)
(3264, 8340, 32768)
(3264, 2070, 32768)
(33864, 24672, 32768)
(33864, 16962, 32768)
(33864, 26112, 32768)
(33864, 61440, 32768)
(33864, 12480, 32768)
(33864, 20490, 32768)
(33864, 6210, 32768)
(33864, 15360, 32768)
(33864, 12300, 32768)
(33864, 5250, 32768)
(33864, 36870, 32768)
(33864, 32776, 32768)
(33864, 8360, 32768)
(33864, 43040, 32768)
(33864, 10760, 32768)
(33864, 41600, 32768)
(33864, 25632, 32768)
(33864, 17922, 32768)
(33864, 25152, 32768)
(33864, 16482, 32768)
(33864, 32832, 32768)
(33864, 8416, 32768)
(33864, 57376, 32768)
(33864, 28736, 32768)
(33864, 45184, 32768)
(33864, 72, 32768)
(33864, 2626, 32768)
(33864, 16906, 32768)
(33864, 20546, 32768)
(33864, 6154, 32768)
(33864, 11296, 32768)
(33864, 8236, 32768)
(33864, 14344, 32768)
(33864, 13316, 32768)
(33864, 1666, 32768)
(33864, 33286, 32768)
(33864, 36994, 32768)
(33864, 5126, 32768)
(33864, 11776, 32768)
(33864, 57856, 32768)
(33864, 29696, 32768)
(33864, 47104, 32768)
(33864, 1186, 32768)
(33864, 16426, 32768)
(33864, 21506, 32768)
(33864, 4234, 32768)
(33864, 8896, 32768)
(33864, 8716, 32768)
(33864, 12424, 32768)
(33864, 12356, 32768)
(33864, 2146, 32768)
(33864, 32806, 32768)
(33864, 38914, 32768)
(33864, 4166, 32768)
(33864, 1200, 32768)
(33864, 3600, 32768)
(33864, 2160, 32768)
(33864, 720, 32768)
(33864, 16440, 32768)
(33864, 49680, 32768)
(33864, 32820, 32768)
(33864, 540, 32768)
(24672, 23040, 32768)
(24672, 20490, 32768)
(24672, 4680, 32768)
(24672, 6210, 32768)
(24672, 15360, 32768)
(24672, 5160, 32768)
(24672, 12300, 32768)
(24672, 6180, 32768)
(24672, 32896, 32768)
(24672, 35360, 32768)
(24672, 680, 32768)
(24672, 10880, 32768)
(24672, 41480, 32768)
(24672, 35904, 32768)
(24672, 1224, 32768)
(24672, 19584, 32768)
(24672, 50184, 32768)
(24672, 6720, 32768)
(24672, 4170, 32768)
(24672, 21000, 32768)
(24672, 22530, 32768)
(24672, 7200, 32768)
(24672, 13320, 32768)
(24672, 4140, 32768)
(24672, 14340, 32768)
(24672, 51712, 32768)
(24672, 44032, 32768)
(24672, 36864, 32768)
(24672, 14848, 32768)
(24672, 23552, 32768)
(24672, 16522, 32768)
(24672, 1192, 32768)
(24672, 4224, 32768)
(24672, 4138, 32768)
(24672, 21512, 32768)
(24672, 712, 32768)
(24672, 8332, 32768)
(24672, 12808, 32768)
(24672, 4172, 32768)
(24672, 34882, 32768)
(24672, 34852, 32768)
(24672, 6178, 32768)
(24672, 6212, 32768)
(24672, 2752, 32768)
(24672, 3232, 32768)
(24672, 2608, 32768)
(24672, 3152, 32768)
(24672, 32842, 32768)
(24672, 41992, 32768)
(24672, 8218, 32768)
(24672, 1112, 32768)
(24672, 49672, 32768)
(24672, 32812, 32768)
(24672, 568, 32768)
(24672, 16412, 32768)
(24672, 18562, 32768)
(24672, 10372, 32768)
(24672, 10258, 32768)
(24672, 18452, 32768)
(16962, 61440, 32768)
(16962, 20640, 32768)
(16962, 12480, 32768)
(16962, 36960, 32768)
(16962, 38400, 32768)
(16962, 5250, 32768)
(16962, 4740, 32768)
(16962, 36870, 32768)
(16962, 10794, 32768)
(16962, 43010, 32768)
(16962, 8330, 32768)
(16962, 2210, 32768)
(16962, 32810, 32768)
(16962, 35904, 32768)
(16962, 1224, 32768)
(16962, 19584, 32768)
(16962, 50184, 32768)
(16962, 45120, 32768)
(16962, 4320, 32768)
(16962, 28800, 32768)
(16962, 53280, 32768)
(16962, 37890, 32768)
(16962, 5760, 32768)
(16962, 4230, 32768)
(16962, 37380, 32768)
(16962, 59392, 32768)
(16962, 36352, 32768)
(16962, 45568, 32768)
(16962, 32256, 32768)
(16962, 54272, 32768)
(16962, 16552, 32768)
(16962, 1162, 32768)
(16962, 4258, 32768)
(16962, 21546, 32768)
(16962, 21632, 32768)
(16962, 8392, 32768)
(16962, 652, 32768)
(16962, 12928, 32768)
(16962, 4292, 32768)
(16962, 34912, 32768)
(16962, 34822, 32768)
(16962, 36898, 32768)
(16962, 36932, 32768)
(16962, 2272, 32768)
(16962, 3712, 32768)
(16962, 688, 32768)
(16962, 1232, 32768)
(16962, 41032, 32768)
(16962, 33802, 32768)
(16962, 40978, 32768)
(16962, 33872, 32768)
(16962, 49192, 32768)
(16962, 33292, 32768)
(16962, 33328, 32768)
(16962, 49172, 32768)
(16962, 26752, 32768)
(16962, 2182, 32768)
(16962, 8338, 32768)
(16962, 16532, 32768)
(26112, 20640, 32768)
(26112, 12480, 32768)
(26112, 20490, 32768)
(26112, 4680, 32768)
(26112, 5160, 32768)
(26112, 12300, 32768)
(26112, 5250, 32768)
(26112, 4740, 32768)
(26112, 33440, 32768)
(26112, 2600, 32768)
(26112, 34816, 32768)
(26112, 10400, 32768)
(26112, 41000, 32768)
(26112, 33984, 32768)
(26112, 3144, 32768)
(26112, 18624, 32768)
(26112, 49224, 32768)
(26112, 49312, 32768)
(26112, 41152, 32768)
(26112, 36864, 32768)
(26112, 12448, 32768)
(26112, 20672, 32768)
(26112, 18442, 32768)
(26112, 2632, 32768)
(26112, 6144, 32768)
(26112, 4618, 32768)
(26112, 20552, 32768)
(26112, 3112, 32768)
(26112, 10252, 32768)
(26112, 12328, 32768)
(26112, 5132, 32768)
(26112, 33922, 32768)
(26112, 33412, 32768)
(26112, 4738, 32768)
(26112, 5252, 32768)
(26112, 5280, 32768)
(26112, 5130, 32768)
(26112, 20520, 32768)
(26112, 20610, 32768)
(26112, 4800, 32768)
(26112, 12360, 32768)
(26112, 4620, 32768)
(26112, 12420, 32768)
(26112, 3232, 32768)
(26112, 2752, 32768)
(26112, 3152, 32768)
(26112, 2608, 32768)
(26112, 33802, 32768)
(26112, 41032, 32768)
(26112, 33872, 32768)
(26112, 40978, 32768)
(26112, 49192, 32768)
(26112, 33292, 32768)
(26112, 33328, 32768)
(26112, 49172, 32768)
(26112, 18562, 32768)
(26112, 10372, 32768)
(26112, 10258, 32768)
(26112, 18452, 32768)
(17442, 61440, 32768)
(17442, 36960, 32768)
(17442, 23040, 32768)
(17442, 6210, 32768)
(17442, 15360, 32768)
(17442, 6180, 32768)
(17442, 38400, 32768)
(17442, 36870, 32768)
(17442, 41090, 32768)
(17442, 10250, 32768)
(17442, 8874, 32768)
(17442, 2690, 32768)
(17442, 33290, 32768)
(17442, 33984, 32768)
(17442, 3144, 32768)
(17442, 18624, 32768)
(17442, 49224, 32768)
(17442, 57472, 32768)
(17442, 32992, 32768)
(17442, 45088, 32768)
(17442, 28896, 32768)
(17442, 53312, 32768)
(17442, 18952, 32768)
(17442, 2122, 32768)
(17442, 6658, 32768)
(17442, 21066, 32768)
(17442, 22592, 32768)
(17442, 11272, 32768)
(17442, 2092, 32768)
(17442, 14368, 32768)
(17442, 7172, 32768)
(17442, 34432, 32768)
(17442, 32902, 32768)
(17442, 37378, 32768)
(17442, 37892, 32768)
(17442, 46080, 32768)
(17442, 7680, 32768)
(17442, 30720, 32768)
(17442, 53760, 32768)
(17442, 36930, 32768)
(17442, 6240, 32768)
(17442, 6150, 32768)
(17442, 36900, 32768)
(17442, 3712, 32768)
(17442, 2272, 32768)
(17442, 1232, 32768)
(17442, 688, 32768)
(17442, 41992, 32768)
(17442, 32842, 32768)
(17442, 1112, 32768)
(17442, 8218, 32768)
(17442, 49672, 32768)
(17442, 32812, 32768)
(17442, 568, 32768)
(17442, 16412, 32768)
(17442, 26752, 32768)
(17442, 2182, 32768)
(17442, 8338, 32768)
(17442, 16532, 32768)
(1632, 20640, 32768)
(1632, 12480, 32768)
(1632, 23040, 32768)
(1632, 6210, 32768)
(1632, 15360, 32768)
(1632, 6180, 32768)
(1632, 5250, 32768)
(1632, 4740, 32768)
(1632, 41600, 32768)
(1632, 10760, 32768)
(1632, 43040, 32768)
(1632, 8360, 32768)
(1632, 32776, 32768)
(1632, 50304, 32768)
(1632, 19464, 32768)
(1632, 51264, 32768)
(1632, 16584, 32768)
(1632, 41152, 32768)
(1632, 49312, 32768)
(1632, 20672, 32768)
(1632, 12448, 32768)
(1632, 36864, 32768)
(1632, 2122, 32768)
(1632, 18952, 32768)
(1632, 22592, 32768)
(1632, 4104, 32768)
(1632, 6658, 32768)
(1632, 11272, 32768)
(1632, 2092, 32768)
(1632, 14368, 32768)
(1632, 7172, 32768)
(1632, 33922, 32768)
(1632, 33412, 32768)
(1632, 4738, 32768)
(1632, 5252, 32768)
(1632, 44032, 32768)
(1632, 51712, 32768)
(1632, 23552, 32768)
(1632, 14848, 32768)
(1632, 1162, 32768)
(1632, 16552, 32768)
(1632, 21632, 32768)
(1632, 4258, 32768)
(1632, 8392, 32768)
(1632, 652, 32768)
(1632, 12928, 32768)
(1632, 4292, 32768)
(1632, 34882, 32768)
(1632, 34852, 32768)
(1632, 6178, 32768)
(1632, 6212, 32768)
(1632, 42000, 32768)
(1632, 1050, 32768)
(1632, 8280, 32768)
(1632, 32850, 32768)
(1632, 49680, 32768)
(1632, 16440, 32768)
(1632, 540, 32768)
(1632, 32820, 32768)
(9282, 61440, 32768)
(9282, 36960, 32768)
(9282, 20490, 32768)
(9282, 4680, 32768)
(9282, 5160, 32768)
(9282, 12300, 32768)
(9282, 38400, 32768)
(9282, 36870, 32768)
(9282, 32930, 32768)
(9282, 2090, 32768)
(9282, 35330, 32768)
(9282, 650, 32768)
(9282, 10914, 32768)
(9282, 50304, 32768)
(9282, 19464, 32768)
(9282, 51264, 32768)
(9282, 16584, 32768)
(9282, 32992, 32768)
(9282, 57472, 32768)
(9282, 53312, 32768)
(9282, 28896, 32768)
(9282, 45088, 32768)
(9282, 2632, 32768)
(9282, 18442, 32768)
(9282, 23106, 32768)
(9282, 20552, 32768)
(9282, 4618, 32768)
(9282, 3112, 32768)
(9282, 10252, 32768)
(9282, 12328, 32768)
(9282, 5132, 32768)
(9282, 34432, 32768)
(9282, 32902, 32768)
(9282, 37378, 32768)
(9282, 37892, 32768)
(9282, 36352, 32768)
(9282, 59392, 32768)
(9282, 54272, 32768)
(9282, 45568, 32768)
(9282, 1192, 32768)
(9282, 16522, 32768)
(9282, 21512, 32768)
(9282, 4138, 32768)
(9282, 712, 32768)
(9282, 8332, 32768)
(9282, 12808, 32768)
(9282, 4172, 32768)
(9282, 34912, 32768)
(9282, 34822, 32768)
(9282, 36898, 32768)
(9282, 36932, 32768)
(9282, 1200, 32768)
(9282, 3600, 32768)
(9282, 2160, 32768)
(9282, 720, 32768)
(9282, 16530, 32768)
(9282, 26640, 32768)
(9282, 2070, 32768)
(9282, 8340, 32768)
(61440, 4680, 32768)
(61440, 6210, 32768)
(61440, 5160, 32768)
(61440, 6180, 32768)
(61440, 5250, 32768)
(61440, 4740, 32768)
(61440, 40960, 32768)
(61440, 10376, 32768)
(61440, 34856, 32768)
(61440, 33416, 32768)
(61440, 8744, 32768)
(61440, 49152, 32768)
(61440, 18568, 32768)
(61440, 34888, 32768)
(61440, 33928, 32768)
(61440, 17480, 32768)
(61440, 24576, 32768)
(61440, 16930, 32768)
(61440, 8770, 32768)
(61440, 9250, 32768)
(61440, 17474, 32768)
(61440, 6216, 32768)
(61440, 4674, 32768)
(61440, 16968, 32768)
(61440, 18498, 32768)
(61440, 6184, 32768)
(61440, 5156, 32768)
(61440, 9256, 32768)
(61440, 10276, 32768)
(61440, 4738, 32768)
(61440, 5252, 32768)
(61440, 33922, 32768)
(61440, 33412, 32768)
(61440, 5256, 32768)
(61440, 5154, 32768)
(61440, 17448, 32768)
(61440, 17538, 32768)
(61440, 4744, 32768)
(61440, 4676, 32768)
(61440, 8776, 32768)
(61440, 8836, 32768)
(61440, 6178, 32768)
(61440, 6212, 32768)
(61440, 34882, 32768)
(61440, 34852, 32768)
(61440, 9288, 32768)
(61440, 33858, 32768)
(61440, 33816, 32768)
(61440, 9234, 32768)
(61440, 16936, 32768)
(61440, 33316, 32768)
(61440, 33304, 32768)
(61440, 16916, 32768)
(61440, 18562, 32768)
(61440, 10372, 32768)
(61440, 10258, 32768)
(61440, 18452, 32768)
(20640, 4680, 32768)
(20640, 6210, 32768)
(20640, 15360, 32768)
(20640, 12300, 32768)
(20640, 38400, 32768)
(20640, 36870, 32768)
(20640, 34856, 32768)
(20640, 40960, 32768)
(20640, 10376, 32768)
(20640, 8744, 32768)
(20640, 33416, 32768)
(20640, 51208, 32768)
(20640, 32832, 32768)
(20640, 2248, 32768)
(20640, 35968, 32768)
(20640, 19520, 32768)
(20640, 25090, 32768)
(20640, 8256, 32768)
(20640, 610, 32768)
(20640, 9760, 32768)
(20640, 17984, 32768)
(20640, 6216, 32768)
(20640, 4674, 32768)
(20640, 16968, 32768)
(20640, 18498, 32768)
(20640, 14344, 32768)
(20640, 13316, 32768)
(20640, 11296, 32768)
(20640, 8236, 32768)
(20640, 37378, 32768)
(20640, 37892, 32768)
(20640, 34432, 32768)
(20640, 32902, 32768)
(20640, 39936, 32768)
(20640, 13824, 32768)
(20640, 27648, 32768)
(20640, 50688, 32768)
(20640, 12808, 32768)
(20640, 4172, 32768)
(20640, 712, 32768)
(20640, 8332, 32768)
(20640, 38914, 32768)
(20640, 4166, 32768)
(20640, 2146, 32768)
(20640, 32806, 32768)
(20640, 3168, 32768)
(20640, 1728, 32768)
(20640, 3216, 32768)
(20640, 1584, 32768)
(20640, 49672, 32768)
(20640, 32812, 32768)
(20640, 568, 32768)
(20640, 16412, 32768)
(20640, 26626, 32768)
(20640, 8326, 32768)
(20640, 2194, 32768)
(20640, 16406, 32768)
(12480, 20490, 32768)
(12480, 5160, 32768)
(12480, 6180, 32768)
(12480, 38400, 32768)
(12480, 36870, 32768)
(12480, 43016, 32768)
(12480, 32800, 32768)
(12480, 2216, 32768)
(12480, 35456, 32768)
(12480, 10784, 32768)
(12480, 34888, 32768)
(12480, 49152, 32768)
(12480, 18568, 32768)
(12480, 17480, 32768)
(12480, 33928, 32768)
(12480, 610, 32768)
(12480, 16416, 32768)
(12480, 25090, 32768)
(12480, 17984, 32768)
(12480, 9760, 32768)
(12480, 22536, 32768)
(12480, 20994, 32768)
(12480, 19008, 32768)
(12480, 16458, 32768)
(12480, 6184, 32768)
(12480, 5156, 32768)
(12480, 9256, 32768)
(12480, 10276, 32768)
(12480, 37378, 32768)
(12480, 37892, 32768)
(12480, 34432, 32768)
(12480, 32902, 32768)
(12480, 39424, 32768)
(12480, 22016, 32768)
(12480, 27136, 32768)
(12480, 42496, 32768)
(12480, 4138, 32768)
(12480, 21512, 32768)
(12480, 16522, 32768)
(12480, 1192, 32768)
(12480, 38916, 32768)
(12480, 4134, 32768)
(12480, 2148, 32768)
(12480, 32838, 32768)
(12480, 2656, 32768)
(12480, 1696, 32768)
(12480, 2704, 32768)
(12480, 1616, 32768)
(12480, 32842, 32768)
(12480, 41992, 32768)
(12480, 8218, 32768)
(12480, 1112, 32768)
(12480, 26628, 32768)
(12480, 16518, 32768)
(12480, 2196, 32768)
(12480, 8214, 32768)
(36960, 23040, 32768)
(36960, 15360, 32768)
(36960, 12300, 32768)
(36960, 5250, 32768)
(36960, 4740, 32768)
(36960, 32800, 32768)
(36960, 2216, 32768)
(36960, 43016, 32768)
(36960, 10784, 32768)
(36960, 35456, 32768)
(36960, 32832, 32768)
(36960, 2248, 32768)
(36960, 51208, 32768)
(36960, 19520, 32768)
(36960, 35968, 32768)
(36960, 96, 32768)
(36960, 8770, 32768)
(36960, 16930, 32768)
(36960, 17474, 32768)
(36960, 9250, 32768)
(36960, 22536, 32768)
(36960, 20994, 32768)
(36960, 19008, 32768)
(36960, 16458, 32768)
(36960, 14344, 32768)
(36960, 13316, 32768)
(36960, 11296, 32768)
(36960, 8236, 32768)
(36960, 4738, 32768)
(36960, 5252, 32768)
(36960, 33922, 32768)
(36960, 33412, 32768)
(36960, 14848, 32768)
(36960, 23552, 32768)
(36960, 51712, 32768)
(36960, 44032, 32768)
(36960, 4234, 32768)
(36960, 21506, 32768)
(36960, 16426, 32768)
(36960, 1186, 32768)
(36960, 4236, 32768)
(36960, 12804, 32768)
(36960, 8268, 32768)
(36960, 708, 32768)
(36960, 2752, 32768)
(36960, 3232, 32768)
(36960, 2608, 32768)
(36960, 3152, 32768)
(36960, 8266, 32768)
(36960, 41986, 32768)
(36960, 32794, 32768)
(36960, 1106, 32768)
(36960, 16428, 32768)
(36960, 49668, 32768)
(36960, 32796, 32768)
(36960, 564, 32768)
(23040, 5160, 32768)
(23040, 12300, 32768)
(23040, 5250, 32768)
(23040, 36870, 32768)
(23040, 33416, 32768)
(23040, 8744, 32768)
(23040, 40960, 32768)
(23040, 10376, 32768)
(23040, 34856, 32768)
(23040, 49288, 32768)
(23040, 35008, 32768)
(23040, 33792, 32768)
(23040, 3208, 32768)
(23040, 17600, 32768)
(23040, 24610, 32768)
(23040, 8800, 32768)
(23040, 9216, 32768)
(23040, 1570, 32768)
(23040, 17504, 32768)
(23040, 37056, 32768)
(23040, 12384, 32768)
(23040, 24768, 32768)
(23040, 49248, 32768)
(23040, 12328, 32768)
(23040, 5132, 32768)
(23040, 3112, 32768)
(23040, 10252, 32768)
(23040, 36994, 32768)
(23040, 5126, 32768)
(23040, 1666, 32768)
(23040, 33286, 32768)
(23040, 5256, 32768)
(23040, 5154, 32768)
(23040, 17448, 32768)
(23040, 17538, 32768)
(23040, 12424, 32768)
(23040, 12356, 32768)
(23040, 8896, 32768)
(23040, 8716, 32768)
(23040, 36898, 32768)
(23040, 36932, 32768)
(23040, 34912, 32768)
(23040, 34822, 32768)
(23040, 1728, 32768)
(23040, 3168, 32768)
(23040, 1584, 32768)
(23040, 3216, 32768)
(23040, 49192, 32768)
(23040, 33292, 32768)
(23040, 33328, 32768)
(23040, 49172, 32768)
(23040, 24706, 32768)
(23040, 10246, 32768)
(23040, 10384, 32768)
(23040, 24596, 32768)
(20490, 15360, 32768)
(20490, 6180, 32768)
(20490, 38400, 32768)
(20490, 4740, 32768)
(20490, 34946, 32768)
(20490, 10274, 32768)
(20490, 8834, 32768)
(20490, 2730, 32768)
(20490, 33314, 32768)
(20490, 51328, 32768)
(20490, 32968, 32768)
(20490, 35848, 32768)
(20490, 19656, 32768)
(20490, 50240, 32768)
(20490, 25120, 32768)
(20490, 8290, 32768)
(20490, 9730, 32768)
(20490, 18018, 32768)
(20490, 25664, 32768)
(20490, 37056, 32768)
(20490, 12384, 32768)
(20490, 24768, 32768)
(20490, 49248, 32768)
(20490, 14368, 32768)
(20490, 7172, 32768)
(20490, 11272, 32768)
(20490, 2092, 32768)
(20490, 37504, 32768)
(20490, 5636, 32768)
(20490, 34306, 32768)
(20490, 646, 32768)
(20490, 39936, 32768)
(20490, 13824, 32768)
(20490, 27648, 32768)
(20490, 50688, 32768)
(20490, 12928, 32768)
(20490, 4292, 32768)
(20490, 8392, 32768)
(20490, 652, 32768)
(20490, 38944, 32768)
(20490, 4196, 32768)
(20490, 32866, 32768)
(20490, 2086, 32768)
(20490, 33858, 32768)
(20490, 9288, 32768)
(20490, 9234, 32768)
(20490, 33816, 32768)
(20490, 49696, 32768)
(20490, 556, 32768)
(20490, 32824, 32768)
(20490, 16436, 32768)
(20490, 26752, 32768)
(20490, 2182, 32768)
(20490, 8338, 32768)
(20490, 16532, 32768)
(4680, 15360, 32768)
(4680, 6180, 32768)
(4680, 5250, 32768)
(4680, 36870, 32768)
(4680, 35456, 32768)
(4680, 10784, 32768)
(4680, 43016, 32768)
(4680, 2216, 32768)
(4680, 32800, 32768)
(4680, 35008, 32768)
(4680, 49288, 32768)
(4680, 17600, 32768)
(4680, 3208, 32768)
(4680, 33792, 32768)
(4680, 8290, 32768)
(4680, 25120, 32768)
(4680, 25664, 32768)
(4680, 1056, 32768)
(4680, 9730, 32768)
(4680, 53376, 32768)
(4680, 28704, 32768)
(4680, 57408, 32768)
(4680, 16608, 32768)
(4680, 14368, 32768)
(4680, 7172, 32768)
(4680, 11272, 32768)
(4680, 2092, 32768)
(4680, 36994, 32768)
(4680, 5126, 32768)
(4680, 1666, 32768)
(4680, 33286, 32768)
(4680, 47104, 32768)
(4680, 29696, 32768)
(4680, 57856, 32768)
(4680, 11776, 32768)
(4680, 4258, 32768)
(4680, 21632, 32768)
(4680, 16552, 32768)
(4680, 1162, 32768)
(4680, 38916, 32768)
(4680, 4134, 32768)
(4680, 2148, 32768)
(4680, 32838, 32768)
(4680, 2272, 32768)
(4680, 3712, 32768)
(4680, 688, 32768)
(4680, 1232, 32768)
(4680, 41026, 32768)
(4680, 9226, 32768)
(4680, 40984, 32768)
(4680, 9296, 32768)
(4680, 49668, 32768)
(4680, 16428, 32768)
(4680, 564, 32768)
(4680, 32796, 32768)
(6210, 5160, 32768)
(6210, 12300, 32768)
(6210, 38400, 32768)
(6210, 4740, 32768)
(6210, 32906, 32768)
(6210, 8234, 32768)
(6210, 41474, 32768)
(6210, 10890, 32768)
(6210, 674, 32768)
(6210, 32968, 32768)
(6210, 51328, 32768)
(6210, 50240, 32768)
(6210, 19656, 32768)
(6210, 35848, 32768)
(6210, 8800, 32768)
(6210, 24610, 32768)
(6210, 26178, 32768)
(6210, 17504, 32768)
(6210, 1570, 32768)
(6210, 53376, 32768)
(6210, 28704, 32768)
(6210, 57408, 32768)
(6210, 16608, 32768)
(6210, 12328, 32768)
(6210, 5132, 32768)
(6210, 3112, 32768)
(6210, 10252, 32768)
(6210, 37504, 32768)
(6210, 5636, 32768)
(6210, 34306, 32768)
(6210, 646, 32768)
(6210, 45568, 32768)
(6210, 54272, 32768)
(6210, 59392, 32768)
(6210, 36352, 32768)
(6210, 4264, 32768)
(6210, 21536, 32768)
(6210, 16546, 32768)
(6210, 1066, 32768)
(6210, 4236, 32768)
(6210, 12804, 32768)
(6210, 8268, 32768)
(6210, 708, 32768)
(6210, 736, 32768)
(6210, 3616, 32768)
(6210, 2224, 32768)
(6210, 1136, 32768)
(6210, 41032, 32768)
(6210, 33802, 32768)
(6210, 40978, 32768)
(6210, 33872, 32768)
(6210, 16518, 32768)
(6210, 26628, 32768)
(6210, 8214, 32768)
(6210, 2196, 32768)
(15360, 4740, 32768)
(15360, 36870, 32768)
(15360, 41096, 32768)
(15360, 34976, 32768)
(15360, 33280, 32768)
(15360, 2696, 32768)
(15360, 8864, 32768)
(15360, 33928, 32768)
(15360, 17480, 32768)
(15360, 49152, 32768)
(15360, 18568, 32768)
(15360, 34888, 32768)
(15360, 1570, 32768)
(15360, 17504, 32768)
(15360, 16896, 32768)
(15360, 24610, 32768)
(15360, 8800, 32768)
(15360, 37024, 32768)
(15360, 20576, 32768)
(15360, 24736, 32768)
(15360, 41056, 32768)
(15360, 4618, 32768)
(15360, 20552, 32768)
(15360, 18442, 32768)
(15360, 2632, 32768)
(15360, 36996, 32768)
(15360, 4614, 32768)
(15360, 1668, 32768)
(15360, 33798, 32768)
(15360, 20616, 32768)
(15360, 20514, 32768)
(15360, 17568, 32768)
(15360, 17418, 32768)
(15360, 4744, 32768)
(15360, 4676, 32768)
(15360, 8776, 32768)
(15360, 8836, 32768)
(15360, 36898, 32768)
(15360, 36932, 32768)
(15360, 34912, 32768)
(15360, 34822, 32768)
(15360, 1696, 32768)
(15360, 2656, 32768)
(15360, 1616, 32768)
(15360, 2704, 32768)
(15360, 33802, 32768)
(15360, 41032, 32768)
(15360, 33872, 32768)
(15360, 40978, 32768)
(15360, 24708, 32768)
(15360, 18438, 32768)
(15360, 18576, 32768)
(15360, 24594, 32768)
(5160, 4740, 32768)
(5160, 36870, 32768)
(5160, 34976, 32768)
(5160, 41096, 32768)
(5160, 8864, 32768)
(5160, 2696, 32768)
(5160, 33280, 32768)
(5160, 35968, 32768)
(5160, 19520, 32768)
(5160, 51208, 32768)
(5160, 2248, 32768)
(5160, 32832, 32768)
(5160, 9730, 32768)
(5160, 25664, 32768)
(5160, 25120, 32768)
(5160, 576, 32768)
(5160, 8290, 32768)
(5160, 45184, 32768)
(5160, 28736, 32768)
(5160, 57376, 32768)
(5160, 8416, 32768)
(5160, 6658, 32768)
(5160, 22592, 32768)
(5160, 18952, 32768)
(5160, 2122, 32768)
(5160, 36996, 32768)
(5160, 4614, 32768)
(5160, 1668, 32768)
(5160, 33798, 32768)
(5160, 55296, 32768)
(5160, 29184, 32768)
(5160, 58368, 32768)
(5160, 19968, 32768)
(5160, 12928, 32768)
(5160, 4292, 32768)
(5160, 8392, 32768)
(5160, 652, 32768)
(5160, 38914, 32768)
(5160, 4166, 32768)
(5160, 2146, 32768)
(5160, 32806, 32768)
(5160, 3712, 32768)
(5160, 2272, 32768)
(5160, 1232, 32768)
(5160, 688, 32768)
(5160, 41986, 32768)
(5160, 8266, 32768)
(5160, 1106, 32768)
(5160, 32794, 32768)
(5160, 49188, 32768)
(5160, 16908, 32768)
(5160, 49176, 32768)
(5160, 16944, 32768)
(12300, 5250, 32768)
(12300, 43136, 32768)
(12300, 32936, 32768)
(12300, 35336, 32768)
(12300, 10920, 32768)
(12300, 41504, 32768)
(12300, 34948, 32768)
(12300, 18500, 32768)
(12300, 17540, 32768)
(12300, 3276, 32768)
(12300, 33860, 32768)
(12300, 550, 32768)
(12300, 16484, 32768)
(12300, 17924, 32768)
(12300, 9828, 32768)
(12300, 1094, 32768)
(12300, 37024, 32768)
(12300, 20576, 32768)
(12300, 24736, 32768)
(12300, 41056, 32768)
(12300, 6658, 32768)
(12300, 22592, 32768)
(12300, 18952, 32768)
(12300, 2122, 32768)
(12300, 38016, 32768)
(12300, 5634, 32768)
(12300, 34308, 32768)
(12300, 1158, 32768)
(12300, 39424, 32768)
(12300, 22016, 32768)
(12300, 27136, 32768)
(12300, 42496, 32768)
(12300, 4258, 32768)
(12300, 21632, 32768)
(12300, 16552, 32768)
(12300, 1162, 32768)
(12300, 38976, 32768)
(12300, 4194, 32768)
(12300, 32868, 32768)
(12300, 2118, 32768)
(12300, 42048, 32768)
(12300, 1098, 32768)
(12300, 32856, 32768)
(12300, 8274, 32768)
(12300, 33316, 32768)
(12300, 16936, 32768)
(12300, 16916, 32768)
(12300, 33304, 32768)
(12300, 2182, 32768)
(12300, 26752, 32768)
(12300, 16532, 32768)
(12300, 8338, 32768)
(6180, 38400, 32768)
(6180, 32936, 32768)
(6180, 43136, 32768)
(6180, 41504, 32768)
(6180, 10920, 32768)
(6180, 35336, 32768)
(6180, 32908, 32768)
(6180, 16460, 32768)
(6180, 50180, 32768)
(6180, 19596, 32768)
(6180, 1220, 32768)
(6180, 8710, 32768)
(6180, 24644, 32768)
(6180, 26148, 32768)
(6180, 17414, 32768)
(6180, 1604, 32768)
(6180, 45184, 32768)
(6180, 28736, 32768)
(6180, 57376, 32768)
(6180, 8416, 32768)
(6180, 4618, 32768)
(6180, 20552, 32768)
(6180, 18442, 32768)
(6180, 2632, 32768)
(6180, 38016, 32768)
(6180, 5634, 32768)
(6180, 34308, 32768)
(6180, 1158, 32768)
(6180, 45568, 32768)
(6180, 54272, 32768)
(6180, 59392, 32768)
(6180, 36352, 32768)
(6180, 4234, 32768)
(6180, 21506, 32768)
(6180, 16426, 32768)
(6180, 1186, 32768)
(6180, 4296, 32768)
(6180, 12864, 32768)
(6180, 8388, 32768)
(6180, 588, 32768)
(6180, 1248, 32768)
(6180, 3648, 32768)
(6180, 2256, 32768)
(6180, 624, 32768)
(6180, 33292, 32768)
(6180, 49192, 32768)
(6180, 49172, 32768)
(6180, 33328, 32768)
(6180, 8326, 32768)
(6180, 26626, 32768)
(6180, 16406, 32768)
(6180, 2194, 32768)
(38400, 33280, 32768)
(38400, 2696, 32768)
(38400, 8864, 32768)
(38400, 41096, 32768)
(38400, 34976, 32768)
(38400, 33792, 32768)
(38400, 3208, 32768)
(38400, 17600, 32768)
(38400, 49288, 32768)
(38400, 35008, 32768)
(38400, 1536, 32768)
(38400, 9250, 32768)
(38400, 17474, 32768)
(38400, 16930, 32768)
(38400, 8770, 32768)
(38400, 12448, 32768)
(38400, 20672, 32768)
(38400, 49312, 32768)
(38400, 41152, 32768)
(38400, 6154, 32768)
(38400, 20546, 32768)
(38400, 16906, 32768)
(38400, 2626, 32768)
(38400, 6156, 32768)
(38400, 12324, 32768)
(38400, 9228, 32768)
(38400, 3108, 32768)
(38400, 20616, 32768)
(38400, 20514, 32768)
(38400, 17568, 32768)
(38400, 17418, 32768)
(38400, 12424, 32768)
(38400, 12356, 32768)
(38400, 8896, 32768)
(38400, 8716, 32768)
(38400, 6178, 32768)
(38400, 6212, 32768)
(38400, 34882, 32768)
(38400, 34852, 32768)
(38400, 3232, 32768)
(38400, 2752, 32768)
(38400, 3152, 32768)
(38400, 2608, 32768)
(38400, 9226, 32768)
(38400, 41026, 32768)
(38400, 9296, 32768)
(38400, 40984, 32768)
(38400, 16908, 32768)
(38400, 49188, 32768)
(38400, 16944, 32768)
(38400, 49176, 32768)
(5250, 34826, 32768)
(5250, 40994, 32768)
(5250, 10410, 32768)
(5250, 8714, 32768)
(5250, 2594, 32768)
(5250, 35848, 32768)
(5250, 50240, 32768)
(5250, 19656, 32768)
(5250, 51328, 32768)
(5250, 32968, 32768)
(5250, 9760, 32768)
(5250, 25698, 32768)
(5250, 17984, 32768)
(5250, 25090, 32768)
(5250, 610, 32768)
(5250, 45088, 32768)
(5250, 53312, 32768)
(5250, 57472, 32768)
(5250, 32992, 32768)
(5250, 6664, 32768)
(5250, 21056, 32768)
(5250, 18946, 32768)
(5250, 586, 32768)
(5250, 6156, 32768)
(5250, 12324, 32768)
(5250, 9228, 32768)
(5250, 3108, 32768)
(5250, 55296, 32768)
(5250, 29184, 32768)
(5250, 58368, 32768)
(5250, 19968, 32768)
(5250, 12808, 32768)
(5250, 4172, 32768)
(5250, 712, 32768)
(5250, 8332, 32768)
(5250, 38944, 32768)
(5250, 4196, 32768)
(5250, 32866, 32768)
(5250, 2086, 32768)
(5250, 3616, 32768)
(5250, 736, 32768)
(5250, 1136, 32768)
(5250, 2224, 32768)
(5250, 41992, 32768)
(5250, 32842, 32768)
(5250, 1112, 32768)
(5250, 8218, 32768)
(5250, 18438, 32768)
(5250, 24708, 32768)
(5250, 24594, 32768)
(5250, 18576, 32768)
(4740, 35336, 32768)
(4740, 41504, 32768)
(4740, 10920, 32768)
(4740, 43136, 32768)
(4740, 32936, 32768)
(4740, 34828, 32768)
(4740, 49220, 32768)
(4740, 18636, 32768)
(4740, 17420, 32768)
(4740, 3140, 32768)
(4740, 8230, 32768)
(4740, 25188, 32768)
(4740, 16454, 32768)
(4740, 25604, 32768)
(4740, 1124, 32768)
(4740, 45088, 32768)
(4740, 53312, 32768)
(4740, 57472, 32768)
(4740, 32992, 32768)
(4740, 6154, 32768)
(4740, 20546, 32768)
(4740, 16906, 32768)
(4740, 2626, 32768)
(4740, 7176, 32768)
(4740, 13344, 32768)
(4740, 11268, 32768)
(4740, 1068, 32768)
(4740, 47104, 32768)
(4740, 29696, 32768)
(4740, 57856, 32768)
(4740, 11776, 32768)
(4740, 4138, 32768)
(4740, 21512, 32768)
(4740, 16522, 32768)
(4740, 1192, 32768)
(4740, 38976, 32768)
(4740, 4194, 32768)
(4740, 32868, 32768)
(4740, 2118, 32768)
(4740, 3648, 32768)
(4740, 1248, 32768)
(4740, 624, 32768)
(4740, 2256, 32768)
(4740, 32812, 32768)
(4740, 49672, 32768)
(4740, 16412, 32768)
(4740, 568, 32768)
(4740, 10246, 32768)
(4740, 24706, 32768)
(4740, 24596, 32768)
(4740, 10384, 32768)
(36870, 32770, 32768)
(36870, 2186, 32768)
(36870, 8354, 32768)
(36870, 10754, 32768)
(36870, 554, 32768)
(36870, 32772, 32768)
(36870, 2188, 32768)
(36870, 16580, 32768)
(36870, 19460, 32768)
(36870, 1100, 32768)
(36870, 6, 32768)
(36870, 8740, 32768)
(36870, 16964, 32768)
(36870, 17444, 32768)
(36870, 9284, 32768)
(36870, 12448, 32768)
(36870, 20672, 32768)
(36870, 49312, 32768)
(36870, 41152, 32768)
(36870, 6664, 32768)
(36870, 21056, 32768)
(36870, 18946, 32768)
(36870, 586, 32768)
(36870, 7176, 32768)
(36870, 13344, 32768)
(36870, 11268, 32768)
(36870, 1068, 32768)
(36870, 14848, 32768)
(36870, 23552, 32768)
(36870, 51712, 32768)
(36870, 44032, 32768)
(36870, 4264, 32768)
(36870, 21536, 32768)
(36870, 16546, 32768)
(36870, 1066, 32768)
(36870, 4296, 32768)
(36870, 12864, 32768)
(36870, 8388, 32768)
(36870, 588, 32768)
(36870, 1098, 32768)
(36870, 42048, 32768)
(36870, 8274, 32768)
(36870, 32856, 32768)
(36870, 556, 32768)
(36870, 49696, 32768)
(36870, 16436, 32768)
(36870, 32824, 32768)
(36870, 10372, 32768)
(36870, 18562, 32768)
(36870, 18452, 32768)
(36870, 10258, 32768)
