(2694881440, 3422604288, 2147516416)
(2694881440, 1149781128, 2147516416)
(2694881440, 213912768, 2147516416)
(2694881440, 2219344968, 2147516416)
(2694881440, 1711302144, 2147516416)
(2694881440, 1143096354, 2147516416)
(2694881440, 106956384, 2147516416)
(2694881440, 608314434, 2147516416)
(2694881440, 1006648320, 2147516416)
(2694881440, 338170920, 2147516416)
(2694881440, 806105100, 2147516416)
(2694881440, 405018660, 2147516416)
(2694881440, 2516620800, 2147516416)
(2694881440, 344069250, 2147516416)
(2694881440, 310645380, 2147516416)
(2694881440, 2416349190, 2147516416)
(2694881440, 2155905152, 2147516416)
(2694881440, 1283476608, 2147516416)
(2694881440, 3288908808, 2147516416)
(2694881440, 2353040448, 2147516416)
(2694881440, 80217288, 2147516416)
(2694881440, 1176520224, 2147516416)
(2694881440, 1677878274, 2147516416)
(2694881440, 641738304, 2147516416)
(2694881440, 73532514, 2147516416)
(2694881440, 471866400, 2147516416)
(2694881440, 872952840, 2147516416)
(2694881440, 271323180, 2147516416)
(2694881440, 939800580, 2147516416)
(2694881440, 377493120, 2147516416)
(2694881440, 2483196930, 2147516416)
(2694881440, 2449773060, 2147516416)
(2694881440, 277221510, 2147516416)
(2694881440, 2684395520, 2147516416)
(2694881440, 1811966976, 2147516416)
(2694881440, 3321939456, 2147516416)
(2694881440, 2617285632, 2147516416)
(2694881440, 905983488, 2147516416)
(2694881440, 1143489576, 2147516416)
(2694881440, 1149387906, 2147516416)
(2694881440, 344462472, 2147516416)
(2694881440, 337777698, 2147516416)
(2694881440, 545267840, 2147516416)
(2694881440, 541859916, 2147516416)
(2694881440, 46400196, 2147516416)
(2694881440, 277614732, 2147516416)
(2694881440, 839135748, 2147516416)
(2694881440, 140773476, 2147516416)
(2694881440, 2152104006, 2147516416)
(2694881440, 2550437892, 2147516416)
(2694881440, 270929958, 2147516416)
(2694881440, 207621216, 2147516416)
(2694881440, 113247936, 2147516416)
(2694881440, 210766992, 2147516416)
(2694881440, 103810608, 2147516416)
(2694881440, 608707656, 2147516416)
(2694881440, 2218951746, 2147516416)
(2694881440, 2216199192, 2147516416)
(2694881440, 605168658, 2147516416)
(2694881440, 1076641836, 2147516416)
(2694881440, 3255091716, 2147516416)
(2694881440, 2149351452, 2147516416)
(2694881440, 36962868, 2147516416)
(2694881440, 1745119236, 2147516416)
(2694881440, 1082540166, 2147516416)
(2694881440, 143919252, 2147516416)
(2694881440, 538320918, 2147516416)
(673720360, 3422604288, 2147516416)
(673720360, 1149781128, 2147516416)
(673720360, 213912768, 2147516416)
(673720360, 2219344968, 2147516416)
(673720360, 1711302144, 2147516416)
(673720360, 1143096354, 2147516416)
(673720360, 106956384, 2147516416)
(673720360, 608314434, 2147516416)
(673720360, 4026593280, 2147516416)
(673720360, 1352683680, 2147516416)
(673720360, 817901760, 2147516416)
(673720360, 2422247520, 2147516416)
(673720360, 1509972480, 2147516416)
(673720360, 1342853130, 2147516416)
(673720360, 306713160, 2147516416)
(673720360, 406984770, 2147516416)
(673720360, 2155905152, 2147516416)
(673720360, 3288908808, 2147516416)
(673720360, 1283476608, 2147516416)
(673720360, 80217288, 2147516416)
(673720360, 2353040448, 2147516416)
(673720360, 1176520224, 2147516416)
(673720360, 1677878274, 2147516416)
(673720360, 641738304, 2147516416)
(673720360, 73532514, 2147516416)
(673720360, 3491811360, 2147516416)
(673720360, 1887465600, 2147516416)
(673720360, 283119840, 2147516416)
(673720360, 2957029440, 2147516416)
(673720360, 1376277000, 2147516416)
(673720360, 1476548610, 2147516416)
(673720360, 440408640, 2147516416)
(673720360, 273289290, 2147516416)
(673720360, 2181071360, 2147516416)
(673720360, 3825263616, 2147516416)
(673720360, 1308642816, 2147516416)
(673720360, 3623933952, 2147516416)
(673720360, 1912631808, 2147516416)
(673720360, 1151354016, 2147516416)
(673720360, 1141523466, 2147516416)
(673720360, 1351110792, 2147516416)
(673720360, 1344426018, 2147516416)
(673720360, 41943680, 2147516416)
(673720360, 549724356, 2147516416)
(673720360, 38535756, 2147516416)
(673720360, 281546952, 2147516416)
(673720360, 843067968, 2147516416)
(673720360, 2154070116, 2147516416)
(673720360, 138807366, 2147516416)
(673720360, 2554370112, 2147516416)
(673720360, 274862178, 2147516416)
(673720360, 81790176, 2147516416)
(673720360, 239078976, 2147516416)
(673720360, 147851472, 2147516416)
(673720360, 40895088, 2147516416)
(673720360, 2755699776, 2147516416)
(673720360, 71959626, 2147516416)
(673720360, 2153283672, 2147516416)
(673720360, 542253138, 2147516416)
(673720360, 3223633956, 2147516416)
(673720360, 1108099596, 2147516416)
(673720360, 3222847512, 2147516416)
(673720360, 1110458928, 2147516416)
(673720360, 1619288196, 2147516416)
(673720360, 1208371206, 2147516416)
(673720360, 1217415312, 2147516416)
(673720360, 1611816978, 2147516416)
(2852170240, 1212696648, 2147516416)
(2852170240, 213912768, 2147516416)
(2852170240, 2219344968, 2147516416)
(2852170240, 1616928864, 2147516416)
(2852170240, 1111638594, 2147516416)
(2852170240, 106956384, 2147516416)
(2852170240, 608314434, 2147516416)
(2852170240, 817901760, 2147516416)
(2852170240, 2422247520, 2147516416)
(2852170240, 306713160, 2147516416)
(2852170240, 406984770, 2147516416)
(2852170240, 806105100, 2147516416)
(2852170240, 405018660, 2147516416)
(2852170240, 310645380, 2147516416)
(2852170240, 2416349190, 2147516416)
(2852170240, 2281736192, 2147516416)
(2852170240, 1220561088, 2147516416)
(2852170240, 3225993288, 2147516416)
(2852170240, 2227209408, 2147516416)
(2852170240, 206048328, 2147516416)
(2852170240, 1113604704, 2147516416)
(2852170240, 1614962754, 2147516416)
(2852170240, 610280544, 2147516416)
(2852170240, 104990274, 2147516416)
(2852170240, 2684395520, 2147516416)
(2852170240, 1623220416, 2147516416)
(2852170240, 3227566176, 2147516416)
(2852170240, 2428539072, 2147516416)
(2852170240, 811610208, 2147516416)
(2852170240, 1112031816, 2147516416)
(2852170240, 1212303426, 2147516416)
(2852170240, 407377992, 2147516416)
(2852170240, 306319938, 2147516416)
(2852170240, 671098880, 2147516416)
(2852170240, 604775436, 2147516416)
(2852170240, 203688996, 2147516416)
(2852170240, 403445772, 2147516416)
(2852170240, 807677988, 2147516416)
(2852170240, 109315716, 2147516416)
(2852170240, 2215019526, 2147516416)
(2852170240, 2424606852, 2147516416)
(2852170240, 302387718, 2147516416)
(2852170240, 314577600, 2147516416)
(2852170240, 810037320, 2147516416)
(2852170240, 302780940, 2147516416)
(2852170240, 813969540, 2147516416)
(2852170240, 408950880, 2147516416)
(2852170240, 2420281410, 2147516416)
(2852170240, 2418315300, 2147516416)
(2852170240, 403052550, 2147516416)
(2852170240, 113247936, 2147516416)
(2852170240, 207621216, 2147516416)
(2852170240, 103810608, 2147516416)
(2852170240, 210766992, 2147516416)
(2852170240, 608707656, 2147516416)
(2852170240, 2218951746, 2147516416)
(2852170240, 2216199192, 2147516416)
(2852170240, 605168658, 2147516416)
(2852170240, 1108099596, 2147516416)
(2852170240, 3223633956, 2147516416)
(2852170240, 1110458928, 2147516416)
(2852170240, 3222847512, 2147516416)
(2852170240, 1619288196, 2147516416)
(2852170240, 1208371206, 2147516416)
(2852170240, 1217415312, 2147516416)
(2852170240, 1611816978, 2147516416)
(579347080, 3233857728, 2147516416)
(579347080, 213912768, 2147516416)
(579347080, 2219344968, 2147516416)
(579347080, 1616928864, 2147516416)
(579347080, 1111638594, 2147516416)
(579347080, 106956384, 2147516416)
(579347080, 608314434, 2147516416)
(579347080, 4026593280, 2147516416)
(579347080, 1352683680, 2147516416)
(579347080, 1509972480, 2147516416)
(579347080, 1342853130, 2147516416)
(579347080, 1006648320, 2147516416)
(579347080, 338170920, 2147516416)
(579347080, 2516620800, 2147516416)
(579347080, 344069250, 2147516416)
(579347080, 2281736192, 2147516416)
(579347080, 3225993288, 2147516416)
(579347080, 1220561088, 2147516416)
(579347080, 206048328, 2147516416)
(579347080, 2227209408, 2147516416)
(579347080, 1113604704, 2147516416)
(579347080, 1614962754, 2147516416)
(579347080, 610280544, 2147516416)
(579347080, 104990274, 2147516416)
(579347080, 2149613600, 2147516416)
(579347080, 3762348096, 2147516416)
(579347080, 1088438496, 2147516416)
(579347080, 3498102912, 2147516416)
(579347080, 1881174048, 2147516416)
(579347080, 1245727296, 2147516416)
(579347080, 1078607946, 2147516416)
(579347080, 1476941832, 2147516416)
(579347080, 1375883778, 2147516416)
(579347080, 136316960, 2147516416)
(579347080, 738470916, 2147516416)
(579347080, 69993516, 2147516416)
(579347080, 470293512, 2147516416)
(579347080, 874525728, 2147516416)
(579347080, 2248443396, 2147516416)
(579347080, 75891846, 2147516416)
(579347080, 2491454592, 2147516416)
(579347080, 369235458, 2147516416)
(579347080, 3523269120, 2147516416)
(579347080, 2013296640, 2147516416)
(579347080, 503324160, 2147516416)
(579347080, 3019944960, 2147516416)
(579347080, 1344819240, 2147516416)
(579347080, 1350717570, 2147516416)
(579347080, 346035360, 2147516416)
(579347080, 336204810, 2147516416)
(579347080, 239078976, 2147516416)
(579347080, 81790176, 2147516416)
(579347080, 40895088, 2147516416)
(579347080, 147851472, 2147516416)
(579347080, 2755699776, 2147516416)
(579347080, 71959626, 2147516416)
(579347080, 2153283672, 2147516416)
(579347080, 542253138, 2147516416)
(579347080, 3255091716, 2147516416)
(579347080, 1076641836, 2147516416)
(579347080, 36962868, 2147516416)
(579347080, 2149351452, 2147516416)
(579347080, 1745119236, 2147516416)
(579347080, 1082540166, 2147516416)
(579347080, 143919252, 2147516416)
(579347080, 538320918, 2147516416)
(178260640, 3233857728, 2147516416)
(178260640, 1212696648, 2147516416)
(178260640, 3422604288, 2147516416)
(178260640, 1149781128, 2147516416)
(178260640, 1111638594, 2147516416)
(178260640, 1711302144, 2147516416)
(178260640, 1143096354, 2147516416)
(178260640, 817901760, 2147516416)
(178260640, 2422247520, 2147516416)
(178260640, 306713160, 2147516416)
(178260640, 406984770, 2147516416)
(178260640, 1006648320, 2147516416)
(178260640, 338170920, 2147516416)
(178260640, 2516620800, 2147516416)
(178260640, 344069250, 2147516416)
(178260640, 2148040712, 2147516416)
(178260640, 3359688768, 2147516416)
(178260640, 1086865608, 2147516416)
(178260640, 3296773248, 2147516416)
(178260640, 1275612168, 2147516416)
(178260640, 1648386624, 2147516416)
(178260640, 1080180834, 2147516416)
(178260640, 1679844384, 2147516416)
(178260640, 1174554114, 2147516416)
(178260640, 2684395520, 2147516416)
(178260640, 3227566176, 2147516416)
(178260640, 1623220416, 2147516416)
(178260640, 811610208, 2147516416)
(178260640, 2428539072, 2147516416)
(178260640, 1112031816, 2147516416)
(178260640, 1212303426, 2147516416)
(178260640, 407377992, 2147516416)
(178260640, 306319938, 2147516416)
(178260640, 537403400, 2147516416)
(178260640, 69993516, 2147516416)
(178260640, 738470916, 2147516416)
(178260640, 874525728, 2147516416)
(178260640, 470293512, 2147516416)
(178260640, 2248443396, 2147516416)
(178260640, 75891846, 2147516416)
(178260640, 2491454592, 2147516416)
(178260640, 369235458, 2147516416)
(178260640, 3321939456, 2147516416)
(178260640, 1811966976, 2147516416)
(178260640, 905983488, 2147516416)
(178260640, 2617285632, 2147516416)
(178260640, 1143489576, 2147516416)
(178260640, 1149387906, 2147516416)
(178260640, 344462472, 2147516416)
(178260640, 337777698, 2147516416)
(178260640, 38535756, 2147516416)
(178260640, 549724356, 2147516416)
(178260640, 843067968, 2147516416)
(178260640, 281546952, 2147516416)
(178260640, 2154070116, 2147516416)
(178260640, 138807366, 2147516416)
(178260640, 2554370112, 2147516416)
(178260640, 274862178, 2147516416)
(178260640, 3255878160, 2147516416)
(178260640, 1077428280, 2147516416)
(178260640, 35389980, 2147516416)
(178260640, 2150924340, 2147516416)
(178260640, 1745905680, 2147516416)
(178260640, 1083326610, 2147516416)
(178260640, 546578580, 2147516416)
(178260640, 135661590, 2147516416)
(2183692840, 3233857728, 2147516416)
(2183692840, 1212696648, 2147516416)
(2183692840, 3422604288, 2147516416)
(2183692840, 1149781128, 2147516416)
(2183692840, 1616928864, 2147516416)
(2183692840, 1711302144, 2147516416)
(2183692840, 1143096354, 2147516416)
(2183692840, 4026593280, 2147516416)
(2183692840, 1352683680, 2147516416)
(2183692840, 1509972480, 2147516416)
(2183692840, 1342853130, 2147516416)
(2183692840, 806105100, 2147516416)
(2183692840, 405018660, 2147516416)
(2183692840, 310645380, 2147516416)
(2183692840, 2416349190, 2147516416)
(2183692840, 2148040712, 2147516416)
(2183692840, 1086865608, 2147516416)
(2183692840, 3359688768, 2147516416)
(2183692840, 1275612168, 2147516416)
(2183692840, 3296773248, 2147516416)
(2183692840, 1648386624, 2147516416)
(2183692840, 1080180834, 2147516416)
(2183692840, 1679844384, 2147516416)
(2183692840, 1174554114, 2147516416)
(2183692840, 2149613600, 2147516416)
(2183692840, 1088438496, 2147516416)
(2183692840, 3762348096, 2147516416)
(2183692840, 1881174048, 2147516416)
(2183692840, 3498102912, 2147516416)
(2183692840, 1245727296, 2147516416)
(2183692840, 1078607946, 2147516416)
(2183692840, 1476941832, 2147516416)
(2183692840, 1375883778, 2147516416)
(2183692840, 2621480, 2147516416)
(2183692840, 203688996, 2147516416)
(2183692840, 604775436, 2147516416)
(2183692840, 807677988, 2147516416)
(2183692840, 403445772, 2147516416)
(2183692840, 109315716, 2147516416)
(2183692840, 2215019526, 2147516416)
(2183692840, 2424606852, 2147516416)
(2183692840, 302387718, 2147516416)
(2183692840, 1308642816, 2147516416)
(2183692840, 3825263616, 2147516416)
(2183692840, 1912631808, 2147516416)
(2183692840, 3623933952, 2147516416)
(2183692840, 1151354016, 2147516416)
(2183692840, 1141523466, 2147516416)
(2183692840, 1351110792, 2147516416)
(2183692840, 1344426018, 2147516416)
(2183692840, 46400196, 2147516416)
(2183692840, 541859916, 2147516416)
(2183692840, 839135748, 2147516416)
(2183692840, 277614732, 2147516416)
(2183692840, 140773476, 2147516416)
(2183692840, 2152104006, 2147516416)
(2183692840, 2550437892, 2147516416)
(2183692840, 270929958, 2147516416)
(2183692840, 47186640, 2147516416)
(2183692840, 141559920, 2147516416)
(2183692840, 235933200, 2147516416)
(2183692840, 78644400, 2147516416)
(2183692840, 542646360, 2147516416)
(2183692840, 2152890450, 2147516416)
(2183692840, 2752554000, 2147516416)
(2183692840, 68813850, 2147516416)
(3233857728, 1711302144, 2147516416)
(3233857728, 1143096354, 2147516416)
(3233857728, 106956384, 2147516416)
(3233857728, 608314434, 2147516416)
(3233857728, 1509972480, 2147516416)
(3233857728, 1342853130, 2147516416)
(3233857728, 306713160, 2147516416)
(3233857728, 406984770, 2147516416)
(3233857728, 2516620800, 2147516416)
(3233857728, 344069250, 2147516416)
(3233857728, 310645380, 2147516416)
(3233857728, 2416349190, 2147516416)
(3233857728, 2155905152, 2147516416)
(3233857728, 713042560, 2147516416)
(3233857728, 2718474760, 2147516416)
(3233857728, 2317388320, 2147516416)
(3233857728, 44565160, 2147516416)
(3233857728, 641738304, 2147516416)
(3233857728, 73532514, 2147516416)
(3233857728, 1176520224, 2147516416)
(3233857728, 1677878274, 2147516416)
(3233857728, 440408640, 2147516416)
(3233857728, 273289290, 2147516416)
(3233857728, 1376277000, 2147516416)
(3233857728, 1476548610, 2147516416)
(3233857728, 377493120, 2147516416)
(3233857728, 2483196930, 2147516416)
(3233857728, 2449773060, 2147516416)
(3233857728, 277221510, 2147516416)
(3233857728, 3221274624, 2147516416)
(3233857728, 1778412032, 2147516416)
(3233857728, 2785060352, 2147516416)
(3233857728, 2583730688, 2147516416)
(3233857728, 1442862592, 2147516416)
(3233857728, 1082146944, 2147516416)
(3233857728, 1076510762, 2147516416)
(3233857728, 77726882, 2147516416)
(3233857728, 277483658, 2147516416)
(3233857728, 1409438722, 2147516416)
(3233857728, 575152712, 2147516416)
(3233857728, 579084932, 2147516416)
(3233857728, 310907528, 2147516416)
(3233857728, 306451012, 2147516416)
(3233857728, 140642402, 2147516416)
(3233857728, 2150006822, 2147516416)
(3233857728, 2550306818, 2147516416)
(3233857728, 273027142, 2147516416)
(3233857728, 174066272, 2147516416)
(3233857728, 111150752, 2147516416)
(3233857728, 177212048, 2147516416)
(3233857728, 105907792, 2147516416)
(3233857728, 541728842, 2147516416)
(3233857728, 2751636482, 2147516416)
(3233857728, 2149220378, 2147516416)
(3233857728, 72483922, 2147516416)
(3233857728, 1109934632, 2147516416)
(3233857728, 2183430692, 2147516416)
(3233857728, 2182644248, 2147516416)
(3233857728, 1108623892, 2147516416)
(3233857728, 1744988162, 2147516416)
(3233857728, 545661062, 2147516416)
(3233857728, 143788178, 2147516416)
(3233857728, 1075200022, 2147516416)
(1212696648, 1711302144, 2147516416)
(1212696648, 1143096354, 2147516416)
(1212696648, 106956384, 2147516416)
(1212696648, 608314434, 2147516416)
(1212696648, 4026593280, 2147516416)
(1212696648, 1352683680, 2147516416)
(1212696648, 817901760, 2147516416)
(1212696648, 2422247520, 2147516416)
(1212696648, 1006648320, 2147516416)
(1212696648, 338170920, 2147516416)
(1212696648, 806105100, 2147516416)
(1212696648, 405018660, 2147516416)
(1212696648, 2155905152, 2147516416)
(1212696648, 2718474760, 2147516416)
(1212696648, 713042560, 2147516416)
(1212696648, 44565160, 2147516416)
(1212696648, 2317388320, 2147516416)
(1212696648, 641738304, 2147516416)
(1212696648, 73532514, 2147516416)
(1212696648, 1176520224, 2147516416)
(1212696648, 1677878274, 2147516416)
(1212696648, 2957029440, 2147516416)
(1212696648, 283119840, 2147516416)
(1212696648, 1887465600, 2147516416)
(1212696648, 3491811360, 2147516416)
(1212696648, 872952840, 2147516416)
(1212696648, 471866400, 2147516416)
(1212696648, 939800580, 2147516416)
(1212696648, 271323180, 2147516416)
(1212696648, 3791708672, 2147516416)
(1212696648, 2214626304, 2147516416)
(1212696648, 771763712, 2147516416)
(1212696648, 3087054848, 2147516416)
(1212696648, 1946186752, 2147516416)
(1212696648, 1084375202, 2147516416)
(1212696648, 75498624, 2147516416)
(1212696648, 69862442, 2147516416)
(1212696648, 279449768, 2147516416)
(1212696648, 1411404832, 2147516416)
(1212696648, 583017152, 2147516416)
(1212696648, 571220492, 2147516416)
(1212696648, 814231688, 2147516416)
(1212696648, 809775172, 2147516416)
(1212696648, 2153939042, 2147516416)
(1212696648, 136710182, 2147516416)
(1212696648, 2552272928, 2147516416)
(1212696648, 274993252, 2147516416)
(1212696648, 48235232, 2147516416)
(1212696648, 236981792, 2147516416)
(1212696648, 145754288, 2147516416)
(1212696648, 74450032, 2147516416)
(1212696648, 2688720962, 2147516416)
(1212696648, 604644362, 2147516416)
(1212696648, 2685968408, 2147516416)
(1212696648, 609231952, 2147516416)
(1212696648, 3256926752, 2147516416)
(1212696648, 36438572, 2147516416)
(1212696648, 2151186488, 2147516416)
(1212696648, 1077166132, 2147516416)
(1212696648, 1619157122, 2147516416)
(1212696648, 671492102, 2147516416)
(1212696648, 680536208, 2147516416)
(1212696648, 1611948052, 2147516416)
(3422604288, 1616928864, 2147516416)
(3422604288, 1111638594, 2147516416)
(3422604288, 106956384, 2147516416)
(3422604288, 608314434, 2147516416)
(3422604288, 1352683680, 2147516416)
(3422604288, 2422247520, 2147516416)
(3422604288, 1342853130, 2147516416)
(3422604288, 406984770, 2147516416)
(3422604288, 338170920, 2147516416)
(3422604288, 405018660, 2147516416)
(3422604288, 344069250, 2147516416)
(3422604288, 2416349190, 2147516416)
(3422604288, 2281736192, 2147516416)
(3422604288, 681584800, 2147516416)
(3422604288, 2687017000, 2147516416)
(3422604288, 2191557280, 2147516416)
(3422604288, 170396200, 2147516416)
(3422604288, 610280544, 2147516416)
(3422604288, 104990274, 2147516416)
(3422604288, 1113604704, 2147516416)
(3422604288, 1614962754, 2147516416)
(3422604288, 3221274624, 2147516416)
(3422604288, 1621123232, 2147516416)
(3422604288, 2690687072, 2147516416)
(3422604288, 2426441888, 2147516416)
(3422604288, 1348489312, 2147516416)
(3422604288, 1207977984, 2147516416)
(3422604288, 1107968522, 2147516416)
(3422604288, 172100162, 2147516416)
(3422604288, 403314698, 2147516416)
(3422604288, 1346523202, 2147516416)
(3422604288, 606610472, 2147516416)
(3422604288, 673458212, 2147516416)
(3422604288, 405280808, 2147516416)
(3422604288, 337908772, 2147516416)
(3422604288, 109184642, 2147516416)
(3422604288, 2181464582, 2147516416)
(3422604288, 2424475778, 2147516416)
(3422604288, 335942662, 2147516416)
(3422604288, 346035360, 2147516416)
(3422604288, 336204810, 2147516416)
(3422604288, 1344819240, 2147516416)
(3422604288, 1350717570, 2147516416)
(3422604288, 408950880, 2147516416)
(3422604288, 2420281410, 2147516416)
(3422604288, 2418315300, 2147516416)
(3422604288, 403052550, 2147516416)
(3422604288, 111150752, 2147516416)
(3422604288, 174066272, 2147516416)
(3422604288, 105907792, 2147516416)
(3422604288, 177212048, 2147516416)
(3422604288, 604644362, 2147516416)
(3422604288, 2688720962, 2147516416)
(3422604288, 609231952, 2147516416)
(3422604288, 2685968408, 2147516416)
(3422604288, 1109934632, 2147516416)
(3422604288, 2183430692, 2147516416)
(3422604288, 2182644248, 2147516416)
(3422604288, 1108623892, 2147516416)
(3422604288, 1619157122, 2147516416)
(3422604288, 671492102, 2147516416)
(3422604288, 680536208, 2147516416)
(3422604288, 1611948052, 2147516416)
(1149781128, 1616928864, 2147516416)
(1149781128, 1111638594, 2147516416)
(1149781128, 106956384, 2147516416)
(1149781128, 608314434, 2147516416)
(1149781128, 4026593280, 2147516416)
(1149781128, 817901760, 2147516416)
(1149781128, 1509972480, 2147516416)
(1149781128, 306713160, 2147516416)
(1149781128, 1006648320, 2147516416)
(1149781128, 806105100, 2147516416)
(1149781128, 2516620800, 2147516416)
(1149781128, 310645380, 2147516416)
(1149781128, 2281736192, 2147516416)
(1149781128, 2687017000, 2147516416)
(1149781128, 681584800, 2147516416)
(1149781128, 170396200, 2147516416)
(1149781128, 2191557280, 2147516416)
(1149781128, 610280544, 2147516416)
(1149781128, 104990274, 2147516416)
(1149781128, 1113604704, 2147516416)
(1149781128, 1614962754, 2147516416)
(1149781128, 3760250912, 2147516416)
(1149781128, 2151710784, 2147516416)
(1149781128, 551559392, 2147516416)
(1149781128, 2961223808, 2147516416)
(1149781128, 1883271232, 2147516416)
(1149781128, 1241664002, 2147516416)
(1149781128, 138414144, 2147516416)
(1149781128, 38404682, 2147516416)
(1149781128, 436738568, 2147516416)
(1149781128, 1379947072, 2147516416)
(1149781128, 740305952, 2147516416)
(1149781128, 539762732, 2147516416)
(1149781128, 940062728, 2147516416)
(1149781128, 872690692, 2147516416)
(1149781128, 2248312322, 2147516416)
(1149781128, 42336902, 2147516416)
(1149781128, 2457899648, 2147516416)
(1149781128, 369366532, 2147516416)
(1149781128, 3019944960, 2147516416)
(1149781128, 503324160, 2147516416)
(1149781128, 2013296640, 2147516416)
(1149781128, 3523269120, 2147516416)
(1149781128, 810037320, 2147516416)
(1149781128, 314577600, 2147516416)
(1149781128, 813969540, 2147516416)
(1149781128, 302780940, 2147516416)
(1149781128, 236981792, 2147516416)
(1149781128, 48235232, 2147516416)
(1149781128, 74450032, 2147516416)
(1149781128, 145754288, 2147516416)
(1149781128, 2751636482, 2147516416)
(1149781128, 541728842, 2147516416)
(1149781128, 72483922, 2147516416)
(1149781128, 2149220378, 2147516416)
(1149781128, 3256926752, 2147516416)
(1149781128, 36438572, 2147516416)
(1149781128, 2151186488, 2147516416)
(1149781128, 1077166132, 2147516416)
(1149781128, 1744988162, 2147516416)
(1149781128, 545661062, 2147516416)
(1149781128, 143788178, 2147516416)
(1149781128, 1075200022, 2147516416)
(213912768, 1616928864, 2147516416)
(213912768, 1111638594, 2147516416)
(213912768, 1143096354, 2147516416)
(213912768, 1352683680, 2147516416)
(213912768, 2422247520, 2147516416)
(213912768, 1509972480, 2147516416)
(213912768, 306713160, 2147516416)
(213912768, 338170920, 2147516416)
(213912768, 405018660, 2147516416)
(213912768, 2516620800, 2147516416)
(213912768, 310645380, 2147516416)
(213912768, 2148040712, 2147516416)
(213912768, 2820712480, 2147516416)
(213912768, 547889320, 2147516416)
(213912768, 2726339200, 2147516416)
(213912768, 705178120, 2147516416)
(213912768, 1679844384, 2147516416)
(213912768, 1174554114, 2147516416)
(213912768, 1648386624, 2147516416)
(213912768, 1080180834, 2147516416)
(213912768, 2690687072, 2147516416)
(213912768, 3221274624, 2147516416)
(213912768, 1621123232, 2147516416)
(213912768, 1348489312, 2147516416)
(213912768, 2426441888, 2147516416)
(213912768, 38404682, 2147516416)
(213912768, 1074282504, 2147516416)
(213912768, 1241664002, 2147516416)
(213912768, 1379947072, 2147516416)
(213912768, 436738568, 2147516416)
(213912768, 606610472, 2147516416)
(213912768, 673458212, 2147516416)
(213912768, 405280808, 2147516416)
(213912768, 337908772, 2147516416)
(213912768, 2248312322, 2147516416)
(213912768, 42336902, 2147516416)
(213912768, 2457899648, 2147516416)
(213912768, 369366532, 2147516416)
(213912768, 2785060352, 2147516416)
(213912768, 1778412032, 2147516416)
(213912768, 1442862592, 2147516416)
(213912768, 2583730688, 2147516416)
(213912768, 69862442, 2147516416)
(213912768, 1084375202, 2147516416)
(213912768, 1411404832, 2147516416)
(213912768, 279449768, 2147516416)
(213912768, 575152712, 2147516416)
(213912768, 579084932, 2147516416)
(213912768, 310907528, 2147516416)
(213912768, 306451012, 2147516416)
(213912768, 2153939042, 2147516416)
(213912768, 136710182, 2147516416)
(213912768, 2552272928, 2147516416)
(213912768, 274993252, 2147516416)
(213912768, 2752554000, 2147516416)
(213912768, 68813850, 2147516416)
(213912768, 542646360, 2147516416)
(213912768, 2152890450, 2147516416)
(213912768, 1745905680, 2147516416)
(213912768, 1083326610, 2147516416)
(213912768, 546578580, 2147516416)
(213912768, 135661590, 2147516416)
(2219344968, 1616928864, 2147516416)
(2219344968, 1111638594, 2147516416)
(2219344968, 1711302144, 2147516416)
(2219344968, 4026593280, 2147516416)
(2219344968, 817901760, 2147516416)
(2219344968, 1342853130, 2147516416)
(2219344968, 406984770, 2147516416)
(2219344968, 1006648320, 2147516416)
(2219344968, 806105100, 2147516416)
(2219344968, 344069250, 2147516416)
(2219344968, 2416349190, 2147516416)
(2219344968, 2148040712, 2147516416)
(2219344968, 547889320, 2147516416)
(2219344968, 2820712480, 2147516416)
(2219344968, 705178120, 2147516416)
(2219344968, 2726339200, 2147516416)
(2219344968, 1679844384, 2147516416)
(2219344968, 1174554114, 2147516416)
(2219344968, 1648386624, 2147516416)
(2219344968, 1080180834, 2147516416)
(2219344968, 2151710784, 2147516416)
(2219344968, 551559392, 2147516416)
(2219344968, 3760250912, 2147516416)
(2219344968, 1883271232, 2147516416)
(2219344968, 2961223808, 2147516416)
(2219344968, 4718664, 2147516416)
(2219344968, 172100162, 2147516416)
(2219344968, 1107968522, 2147516416)
(2219344968, 1346523202, 2147516416)
(2219344968, 403314698, 2147516416)
(2219344968, 740305952, 2147516416)
(2219344968, 539762732, 2147516416)
(2219344968, 940062728, 2147516416)
(2219344968, 872690692, 2147516416)
(2219344968, 109184642, 2147516416)
(2219344968, 2181464582, 2147516416)
(2219344968, 2424475778, 2147516416)
(2219344968, 335942662, 2147516416)
(2219344968, 771763712, 2147516416)
(2219344968, 3791708672, 2147516416)
(2219344968, 1946186752, 2147516416)
(2219344968, 3087054848, 2147516416)
(2219344968, 77726882, 2147516416)
(2219344968, 1076510762, 2147516416)
(2219344968, 1409438722, 2147516416)
(2219344968, 277483658, 2147516416)
(2219344968, 583017152, 2147516416)
(2219344968, 571220492, 2147516416)
(2219344968, 814231688, 2147516416)
(2219344968, 809775172, 2147516416)
(2219344968, 140642402, 2147516416)
(2219344968, 2150006822, 2147516416)
(2219344968, 2550306818, 2147516416)
(2219344968, 273027142, 2147516416)
(2219344968, 78644400, 2147516416)
(2219344968, 235933200, 2147516416)
(2219344968, 141559920, 2147516416)
(2219344968, 47186640, 2147516416)
(2219344968, 1077428280, 2147516416)
(2219344968, 3255878160, 2147516416)
(2219344968, 2150924340, 2147516416)
(2219344968, 35389980, 2147516416)
(1616928864, 1509972480, 2147516416)
(1616928864, 1342853130, 2147516416)
(1616928864, 306713160, 2147516416)
(1616928864, 406984770, 2147516416)
(1616928864, 1006648320, 2147516416)
(1616928864, 338170920, 2147516416)
(1616928864, 806105100, 2147516416)
(1616928864, 405018660, 2147516416)
(1616928864, 2155905152, 2147516416)
(1616928864, 2317388320, 2147516416)
(1616928864, 44565160, 2147516416)
(1616928864, 713042560, 2147516416)
(1616928864, 2718474760, 2147516416)
(1616928864, 2353040448, 2147516416)
(1616928864, 80217288, 2147516416)
(1616928864, 1283476608, 2147516416)
(1616928864, 3288908808, 2147516416)
(1616928864, 440408640, 2147516416)
(1616928864, 273289290, 2147516416)
(1616928864, 1376277000, 2147516416)
(1616928864, 1476548610, 2147516416)
(1616928864, 471866400, 2147516416)
(1616928864, 872952840, 2147516416)
(1616928864, 271323180, 2147516416)
(1616928864, 939800580, 2147516416)
(1616928864, 3389049344, 2147516416)
(1616928864, 2885725184, 2147516416)
(1616928864, 2415955968, 2147516416)
(1616928864, 973093376, 2147516416)
(1616928864, 1543527424, 2147516416)
(1616928864, 1082802314, 2147516416)
(1616928864, 78120104, 2147516416)
(1616928864, 276828288, 2147516416)
(1616928864, 271192106, 2147516416)
(1616928864, 1409831944, 2147516416)
(1616928864, 46662344, 2147516416)
(1616928864, 546054284, 2147516416)
(1616928864, 839397896, 2147516416)
(1616928864, 273420364, 2147516416)
(1616928864, 2286061634, 2147516416)
(1616928864, 2284095524, 2147516416)
(1616928864, 404887586, 2147516416)
(1616928864, 407115844, 2147516416)
(1616928864, 180357824, 2147516416)
(1616928864, 211815584, 2147516416)
(1616928864, 170920496, 2147516416)
(1616928864, 206572624, 2147516416)
(1616928864, 2152366154, 2147516416)
(1616928864, 2752029704, 2147516416)
(1616928864, 538583066, 2147516416)
(1616928864, 72877144, 2147516416)
(1616928864, 3255353864, 2147516416)
(1616928864, 2150400044, 2147516416)
(1616928864, 37225016, 2147516416)
(1616928864, 1075593244, 2147516416)
(1616928864, 1216497794, 2147516416)
(1616928864, 679749764, 2147516416)
(1616928864, 672278546, 2147516416)
(1616928864, 1209288724, 2147516416)
(1111638594, 4026593280, 2147516416)
(1111638594, 1352683680, 2147516416)
(1111638594, 817901760, 2147516416)
(1111638594, 2422247520, 2147516416)
(1111638594, 2516620800, 2147516416)
(1111638594, 344069250, 2147516416)
(1111638594, 310645380, 2147516416)
(1111638594, 2416349190, 2147516416)
(1111638594, 707406378, 2147516416)
(1111638594, 2818746370, 2147516416)
(1111638594, 545923210, 2147516416)
(1111638594, 144836770, 2147516416)
(1111638594, 2150268970, 2147516416)
(1111638594, 2353040448, 2147516416)
(1111638594, 80217288, 2147516416)
(1111638594, 1283476608, 2147516416)
(1111638594, 3288908808, 2147516416)
(1111638594, 2957029440, 2147516416)
(1111638594, 283119840, 2147516416)
(1111638594, 1887465600, 2147516416)
(1111638594, 3491811360, 2147516416)
(1111638594, 2483196930, 2147516416)
(1111638594, 377493120, 2147516416)
(1111638594, 277221510, 2147516416)
(1111638594, 2449773060, 2147516416)
(1111638594, 3892373504, 2147516416)
(1111638594, 2382401024, 2147516416)
(1111638594, 2986390016, 2147516416)
(1111638594, 2113961472, 2147516416)
(1111638594, 3556824064, 2147516416)
(1111638594, 1084768424, 2147516416)
(1111638594, 76153994, 2147516416)
(1111638594, 279056546, 2147516416)
(1111638594, 1412060202, 2147516416)
(1111638594, 1417696384, 2147516416)
(1111638594, 549986504, 2147516416)
(1111638594, 42730124, 2147516416)
(1111638594, 847262336, 2147516416)
(1111638594, 281284804, 2147516416)
(1111638594, 2288027744, 2147516416)
(1111638594, 2282129414, 2147516416)
(1111638594, 2418184226, 2147516416)
(1111638594, 2420412484, 2147516416)
(1111638594, 148900064, 2147516416)
(1111638594, 243273344, 2147516416)
(1111638594, 45089456, 2147516416)
(1111638594, 80741584, 2147516416)
(1111638594, 2689114184, 2147516416)
(1111638594, 2215281674, 2147516416)
(1111638594, 2685575186, 2147516416)
(1111638594, 2219869264, 2147516416)
(1111638594, 3223896104, 2147516416)
(1111638594, 2181857804, 2147516416)
(1111638594, 2184217136, 2147516416)
(1111638594, 3222585364, 2147516416)
(1111638594, 1753245824, 2147516416)
(1111638594, 143001734, 2147516416)
(1111638594, 546447506, 2147516416)
(1111638594, 1083457684, 2147516416)
(1711302144, 1352683680, 2147516416)
(1711302144, 817901760, 2147516416)
(1711302144, 1342853130, 2147516416)
(1711302144, 306713160, 2147516416)
(1711302144, 338170920, 2147516416)
(1711302144, 806105100, 2147516416)
(1711302144, 344069250, 2147516416)
(1711302144, 310645380, 2147516416)
(1711302144, 2191557280, 2147516416)
(1711302144, 170396200, 2147516416)
(1711302144, 2281736192, 2147516416)
(1711302144, 681584800, 2147516416)
(1711302144, 2687017000, 2147516416)
(1711302144, 2227209408, 2147516416)
(1711302144, 206048328, 2147516416)
(1711302144, 1220561088, 2147516416)
(1711302144, 3225993288, 2147516416)
(1711302144, 3231760544, 2147516416)
(1711302144, 2696978624, 2147516416)
(1711302144, 2415955968, 2147516416)
(1711302144, 815804576, 2147516416)
(1711302144, 1354780864, 2147516416)
(1711302144, 1208633354, 2147516416)
(1711302144, 172493384, 2147516416)
(1711302144, 402659328, 2147516416)
(1711302144, 302649866, 2147516416)
(1711302144, 1346916424, 2147516416)
(1711302144, 203951144, 2147516416)
(1711302144, 671885324, 2147516416)
(1711302144, 807940136, 2147516416)
(1711302144, 336335884, 2147516416)
(1711302144, 2223146114, 2147516416)
(1711302144, 2189722244, 2147516416)
(1711302144, 310514306, 2147516416)
(1711302144, 344200324, 2147516416)
(1711302144, 346035360, 2147516416)
(1711302144, 336204810, 2147516416)
(1711302144, 1344819240, 2147516416)
(1711302144, 1350717570, 2147516416)
(1711302144, 314577600, 2147516416)
(1711302144, 810037320, 2147516416)
(1711302144, 302780940, 2147516416)
(1711302144, 813969540, 2147516416)
(1711302144, 211815584, 2147516416)
(1711302144, 180357824, 2147516416)
(1711302144, 206572624, 2147516416)
(1711302144, 170920496, 2147516416)
(1711302144, 2215281674, 2147516416)
(1711302144, 2689114184, 2147516416)
(1711302144, 2219869264, 2147516416)
(1711302144, 2685575186, 2147516416)
(1711302144, 3223896104, 2147516416)
(1711302144, 2181857804, 2147516416)
(1711302144, 2184217136, 2147516416)
(1711302144, 3222585364, 2147516416)
(1711302144, 1216497794, 2147516416)
(1711302144, 679749764, 2147516416)
(1711302144, 672278546, 2147516416)
(1711302144, 1209288724, 2147516416)
(1143096354, 4026593280, 2147516416)
(1143096354, 2422247520, 2147516416)
(1143096354, 1509972480, 2147516416)
(1143096354, 406984770, 2147516416)
(1143096354, 1006648320, 2147516416)
(1143096354, 405018660, 2147516416)
(1143096354, 2516620800, 2147516416)
(1143096354, 2416349190, 2147516416)
(1143096354, 2692915330, 2147516416)
(1143096354, 671754250, 2147516416)
(1143096354, 581575338, 2147516416)
(1143096354, 176294530, 2147516416)
(1143096354, 2181726730, 2147516416)
(1143096354, 2227209408, 2147516416)
(1143096354, 206048328, 2147516416)
(1143096354, 1220561088, 2147516416)
(1143096354, 3225993288, 2147516416)
(1143096354, 3766542464, 2147516416)
(1143096354, 2162196704, 2147516416)
(1143096354, 2954932256, 2147516416)
(1143096354, 1893757152, 2147516416)
(1143096354, 3493908544, 2147516416)
(1143096354, 1242057224, 2147516416)
(1143096354, 139069514, 2147516416)
(1143096354, 436345346, 2147516416)
(1143096354, 1380602442, 2147516416)
(1143096354, 1480611904, 2147516416)
(1143096354, 738733064, 2147516416)
(1143096354, 137103404, 2147516416)
(1143096354, 941635616, 2147516416)
(1143096354, 470031364, 2147516416)
(1143096354, 2256569984, 2147516416)
(1143096354, 2156298374, 2147516416)
(1143096354, 2449641986, 2147516416)
(1143096354, 2483328004, 2147516416)
(1143096354, 3019944960, 2147516416)
(1143096354, 503324160, 2147516416)
(1143096354, 2013296640, 2147516416)
(1143096354, 3523269120, 2147516416)
(1143096354, 2420281410, 2147516416)
(1143096354, 408950880, 2147516416)
(1143096354, 403052550, 2147516416)
(1143096354, 2418315300, 2147516416)
(1143096354, 243273344, 2147516416)
(1143096354, 148900064, 2147516416)
(1143096354, 80741584, 2147516416)
(1143096354, 45089456, 2147516416)
(1143096354, 2752029704, 2147516416)
(1143096354, 2152366154, 2147516416)
(1143096354, 72877144, 2147516416)
(1143096354, 538583066, 2147516416)
(1143096354, 3255353864, 2147516416)
(1143096354, 2150400044, 2147516416)
(1143096354, 37225016, 2147516416)
(1143096354, 1075593244, 2147516416)
(1143096354, 1753245824, 2147516416)
(1143096354, 143001734, 2147516416)
(1143096354, 546447506, 2147516416)
(1143096354, 1083457684, 2147516416)
(106956384, 1352683680, 2147516416)
(106956384, 817901760, 2147516416)
(106956384, 1509972480, 2147516416)
(106956384, 406984770, 2147516416)
(106956384, 1006648320, 2147516416)
(106956384, 405018660, 2147516416)
(106956384, 344069250, 2147516416)
(106956384, 310645380, 2147516416)
(106956384, 2726339200, 2147516416)
(106956384, 705178120, 2147516416)
(106956384, 2820712480, 2147516416)
(106956384, 547889320, 2147516416)
(106956384, 2148040712, 2147516416)
(106956384, 3296773248, 2147516416)
(106956384, 1275612168, 2147516416)
(106956384, 3359688768, 2147516416)
(106956384, 1086865608, 2147516416)
(106956384, 2696978624, 2147516416)
(106956384, 3231760544, 2147516416)
(106956384, 1354780864, 2147516416)
(106956384, 815804576, 2147516416)
(106956384, 2415955968, 2147516416)
(106956384, 139069514, 2147516416)
(106956384, 1242057224, 2147516416)
(106956384, 1480611904, 2147516416)
(106956384, 268963848, 2147516416)
(106956384, 436345346, 2147516416)
(106956384, 738733064, 2147516416)
(106956384, 137103404, 2147516416)
(106956384, 941635616, 2147516416)
(106956384, 470031364, 2147516416)
(106956384, 2223146114, 2147516416)
(106956384, 2189722244, 2147516416)
(106956384, 310514306, 2147516416)
(106956384, 344200324, 2147516416)
(106956384, 2885725184, 2147516416)
(106956384, 3389049344, 2147516416)
(106956384, 1543527424, 2147516416)
(106956384, 973093376, 2147516416)
(106956384, 76153994, 2147516416)
(106956384, 1084768424, 2147516416)
(106956384, 1417696384, 2147516416)
(106956384, 279056546, 2147516416)
(106956384, 549986504, 2147516416)
(106956384, 42730124, 2147516416)
(106956384, 847262336, 2147516416)
(106956384, 281284804, 2147516416)
(106956384, 2286061634, 2147516416)
(106956384, 2284095524, 2147516416)
(106956384, 404887586, 2147516416)
(106956384, 407115844, 2147516416)
(106956384, 2752554000, 2147516416)
(106956384, 68813850, 2147516416)
(106956384, 542646360, 2147516416)
(106956384, 2152890450, 2147516416)
(106956384, 3255878160, 2147516416)
(106956384, 1077428280, 2147516416)
(106956384, 35389980, 2147516416)
(106956384, 2150924340, 2147516416)
(608314434, 4026593280, 2147516416)
(608314434, 2422247520, 2147516416)
(608314434, 1342853130, 2147516416)
(608314434, 306713160, 2147516416)
(608314434, 338170920, 2147516416)
(608314434, 806105100, 2147516416)
(608314434, 2516620800, 2147516416)
(608314434, 2416349190, 2147516416)
(608314434, 2158133410, 2147516416)
(608314434, 136972330, 2147516416)
(608314434, 2315422210, 2147516416)
(608314434, 42599050, 2147516416)
(608314434, 715270818, 2147516416)
(608314434, 3296773248, 2147516416)
(608314434, 1275612168, 2147516416)
(608314434, 3359688768, 2147516416)
(608314434, 1086865608, 2147516416)
(608314434, 2162196704, 2147516416)
(608314434, 3766542464, 2147516416)
(608314434, 3493908544, 2147516416)
(608314434, 1893757152, 2147516416)
(608314434, 2954932256, 2147516416)
(608314434, 172493384, 2147516416)
(608314434, 1208633354, 2147516416)
(608314434, 1514297922, 2147516416)
(608314434, 1346916424, 2147516416)
(608314434, 302649866, 2147516416)
(608314434, 203951144, 2147516416)
(608314434, 671885324, 2147516416)
(608314434, 807940136, 2147516416)
(608314434, 336335884, 2147516416)
(608314434, 2256569984, 2147516416)
(608314434, 2156298374, 2147516416)
(608314434, 2449641986, 2147516416)
(608314434, 2483328004, 2147516416)
(608314434, 2382401024, 2147516416)
(608314434, 3892373504, 2147516416)
(608314434, 3556824064, 2147516416)
(608314434, 2986390016, 2147516416)
(608314434, 78120104, 2147516416)
(608314434, 1082802314, 2147516416)
(608314434, 1409831944, 2147516416)
(608314434, 271192106, 2147516416)
(608314434, 46662344, 2147516416)
(608314434, 546054284, 2147516416)
(608314434, 839397896, 2147516416)
(608314434, 273420364, 2147516416)
(608314434, 2288027744, 2147516416)
(608314434, 2282129414, 2147516416)
(608314434, 2418184226, 2147516416)
(608314434, 2420412484, 2147516416)
(608314434, 78644400, 2147516416)
(608314434, 235933200, 2147516416)
(608314434, 141559920, 2147516416)
(608314434, 47186640, 2147516416)
(608314434, 1083326610, 2147516416)
(608314434, 1745905680, 2147516416)
(608314434, 135661590, 2147516416)
(608314434, 546578580, 2147516416)
(4026593280, 306713160, 2147516416)
(4026593280, 406984770, 2147516416)
(4026593280, 338170920, 2147516416)
(4026593280, 405018660, 2147516416)
(4026593280, 344069250, 2147516416)
(4026593280, 310645380, 2147516416)
(4026593280, 2684395520, 2147516416)
(4026593280, 680011912, 2147516416)
(4026593280, 2284357672, 2147516416)
(4026593280, 2189984392, 2147516416)
(4026593280, 573055528, 2147516416)
(4026593280, 3221274624, 2147516416)
(4026593280, 1216891016, 2147516416)
(4026593280, 2286454856, 2147516416)
(4026593280, 2223539336, 2147516416)
(4026593280, 1145586760, 2147516416)
(4026593280, 1610637312, 2147516416)
(4026593280, 1109541410, 2147516416)
(4026593280, 574759490, 2147516416)
(4026593280, 606217250, 2147516416)
(4026593280, 1145193538, 2147516416)
(4026593280, 407377992, 2147516416)
(4026593280, 306319938, 2147516416)
(4026593280, 1112031816, 2147516416)
(4026593280, 1212303426, 2147516416)
(4026593280, 405280808, 2147516416)
(4026593280, 337908772, 2147516416)
(4026593280, 606610472, 2147516416)
(4026593280, 673458212, 2147516416)
(4026593280, 310514306, 2147516416)
(4026593280, 344200324, 2147516416)
(4026593280, 2223146114, 2147516416)
(4026593280, 2189722244, 2147516416)
(4026593280, 344462472, 2147516416)
(4026593280, 337777698, 2147516416)
(4026593280, 1143489576, 2147516416)
(4026593280, 1149387906, 2147516416)
(4026593280, 310907528, 2147516416)
(4026593280, 306451012, 2147516416)
(4026593280, 575152712, 2147516416)
(4026593280, 579084932, 2147516416)
(4026593280, 404887586, 2147516416)
(4026593280, 407115844, 2147516416)
(4026593280, 2286061634, 2147516416)
(4026593280, 2284095524, 2147516416)
(4026593280, 608707656, 2147516416)
(4026593280, 2218951746, 2147516416)
(4026593280, 2216199192, 2147516416)
(4026593280, 605168658, 2147516416)
(4026593280, 1109934632, 2147516416)
(4026593280, 2183430692, 2147516416)
(4026593280, 2182644248, 2147516416)
(4026593280, 1108623892, 2147516416)
(4026593280, 1216497794, 2147516416)
(4026593280, 679749764, 2147516416)
(4026593280, 672278546, 2147516416)
(4026593280, 1209288724, 2147516416)
(1352683680, 306713160, 2147516416)
(1352683680, 406984770, 2147516416)
(1352683680, 1006648320, 2147516416)
(1352683680, 806105100, 2147516416)
(1352683680, 2516620800, 2147516416)
(1352683680, 2416349190, 2147516416)
(1352683680, 2284357672, 2147516416)
(1352683680, 2684395520, 2147516416)
(1352683680, 680011912, 2147516416)
(1352683680, 573055528, 2147516416)
(1352683680, 2189984392, 2147516416)
(1352683680, 3356018696, 2147516416)
(1352683680, 2151710784, 2147516416)
(1352683680, 147327176, 2147516416)
(1352683680, 2357234816, 2147516416)
(1352683680, 1279282240, 2147516416)
(1352683680, 1644323330, 2147516416)
(1352683680, 541073472, 2147516416)
(1352683680, 39977570, 2147516416)
(1352683680, 639641120, 2147516416)
(1352683680, 1178617408, 2147516416)
(1352683680, 407377992, 2147516416)
(1352683680, 306319938, 2147516416)
(1352683680, 1112031816, 2147516416)
(1352683680, 1212303426, 2147516416)
(1352683680, 940062728, 2147516416)
(1352683680, 872690692, 2147516416)
(1352683680, 740305952, 2147516416)
(1352683680, 539762732, 2147516416)
(1352683680, 2449641986, 2147516416)
(1352683680, 2483328004, 2147516416)
(1352683680, 2256569984, 2147516416)
(1352683680, 2156298374, 2147516416)
(1352683680, 2617285632, 2147516416)
(1352683680, 905983488, 2147516416)
(1352683680, 1811966976, 2147516416)
(1352683680, 3321939456, 2147516416)
(1352683680, 839397896, 2147516416)
(1352683680, 273420364, 2147516416)
(1352683680, 46662344, 2147516416)
(1352683680, 546054284, 2147516416)
(1352683680, 2550306818, 2147516416)
(1352683680, 273027142, 2147516416)
(1352683680, 140642402, 2147516416)
(1352683680, 2150006822, 2147516416)
(1352683680, 207621216, 2147516416)
(1352683680, 113247936, 2147516416)
(1352683680, 210766992, 2147516416)
(1352683680, 103810608, 2147516416)
(1352683680, 3255353864, 2147516416)
(1352683680, 2150400044, 2147516416)
(1352683680, 37225016, 2147516416)
(1352683680, 1075593244, 2147516416)
(1352683680, 1744988162, 2147516416)
(1352683680, 545661062, 2147516416)
(1352683680, 143788178, 2147516416)
(1352683680, 1075200022, 2147516416)
(817901760, 1342853130, 2147516416)
(817901760, 338170920, 2147516416)
(817901760, 405018660, 2147516416)
(817901760, 2516620800, 2147516416)
(817901760, 2416349190, 2147516416)
(817901760, 2819139592, 2147516416)
(817901760, 2149613600, 2147516416)
(817901760, 145229992, 2147516416)
(817901760, 2323679872, 2147516416)
(817901760, 706751008, 2147516416)
(817901760, 2286454856, 2147516416)
(817901760, 3221274624, 2147516416)
(817901760, 1216891016, 2147516416)
(817901760, 1145586760, 2147516416)
(817901760, 2223539336, 2147516416)
(817901760, 39977570, 2147516416)
(817901760, 1075855392, 2147516416)
(817901760, 1644323330, 2147516416)
(817901760, 1178617408, 2147516416)
(817901760, 639641120, 2147516416)
(817901760, 1476941832, 2147516416)
(817901760, 1375883778, 2147516416)
(817901760, 1245727296, 2147516416)
(817901760, 1078607946, 2147516416)
(817901760, 405280808, 2147516416)
(817901760, 337908772, 2147516416)
(817901760, 606610472, 2147516416)
(817901760, 673458212, 2147516416)
(817901760, 2449641986, 2147516416)
(817901760, 2483328004, 2147516416)
(817901760, 2256569984, 2147516416)
(817901760, 2156298374, 2147516416)
(817901760, 2583730688, 2147516416)
(817901760, 1442862592, 2147516416)
(817901760, 1778412032, 2147516416)
(817901760, 2785060352, 2147516416)
(817901760, 271192106, 2147516416)
(817901760, 1409831944, 2147516416)
(817901760, 1082802314, 2147516416)
(817901760, 78120104, 2147516416)
(817901760, 2550437892, 2147516416)
(817901760, 270929958, 2147516416)
(817901760, 140773476, 2147516416)
(817901760, 2152104006, 2147516416)
(817901760, 174066272, 2147516416)
(817901760, 111150752, 2147516416)
(817901760, 177212048, 2147516416)
(817901760, 105907792, 2147516416)
(817901760, 2152366154, 2147516416)
(817901760, 2752029704, 2147516416)
(817901760, 538583066, 2147516416)
(817901760, 72877144, 2147516416)
(817901760, 1745119236, 2147516416)
(817901760, 1082540166, 2147516416)
(817901760, 143919252, 2147516416)
(817901760, 538320918, 2147516416)
(2422247520, 1509972480, 2147516416)
(2422247520, 1006648320, 2147516416)
(2422247520, 806105100, 2147516416)
(2422247520, 344069250, 2147516416)
(2422247520, 310645380, 2147516416)
(2422247520, 2149613600, 2147516416)
(2422247520, 145229992, 2147516416)
(2422247520, 2819139592, 2147516416)
(2422247520, 706751008, 2147516416)
(2422247520, 2323679872, 2147516416)
(2422247520, 2151710784, 2147516416)
(2422247520, 147327176, 2147516416)
(2422247520, 3356018696, 2147516416)
(2422247520, 1279282240, 2147516416)
(2422247520, 2357234816, 2147516416)
(2422247520, 6291552, 2147516416)
(2422247520, 574759490, 2147516416)
(2422247520, 1109541410, 2147516416)
(2422247520, 1145193538, 2147516416)
(2422247520, 606217250, 2147516416)
(2422247520, 1476941832, 2147516416)
(2422247520, 1375883778, 2147516416)
(2422247520, 1245727296, 2147516416)
(2422247520, 1078607946, 2147516416)
(2422247520, 940062728, 2147516416)
(2422247520, 872690692, 2147516416)
(2422247520, 740305952, 2147516416)
(2422247520, 539762732, 2147516416)
(2422247520, 310514306, 2147516416)
(2422247520, 344200324, 2147516416)
(2422247520, 2223146114, 2147516416)
(2422247520, 2189722244, 2147516416)
(2422247520, 973093376, 2147516416)
(2422247520, 1543527424, 2147516416)
(2422247520, 3389049344, 2147516416)
(2422247520, 2885725184, 2147516416)
(2422247520, 277483658, 2147516416)
(2422247520, 1409438722, 2147516416)
(2422247520, 1076510762, 2147516416)
(2422247520, 77726882, 2147516416)
(2422247520, 277614732, 2147516416)
(2422247520, 839135748, 2147516416)
(2422247520, 541859916, 2147516416)
(2422247520, 46400196, 2147516416)
(2422247520, 180357824, 2147516416)
(2422247520, 211815584, 2147516416)
(2422247520, 170920496, 2147516416)
(2422247520, 206572624, 2147516416)
(2422247520, 541728842, 2147516416)
(2422247520, 2751636482, 2147516416)
(2422247520, 2149220378, 2147516416)
(2422247520, 72483922, 2147516416)
(2422247520, 1076641836, 2147516416)
(2422247520, 3255091716, 2147516416)
(2422247520, 2149351452, 2147516416)
(2422247520, 36962868, 2147516416)
(1509972480, 338170920, 2147516416)
(1509972480, 806105100, 2147516416)
(1509972480, 344069250, 2147516416)
(1509972480, 2416349190, 2147516416)
(1509972480, 2189984392, 2147516416)
(1509972480, 573055528, 2147516416)
(1509972480, 2684395520, 2147516416)
(1509972480, 680011912, 2147516416)
(1509972480, 2284357672, 2147516416)
(1509972480, 3230187656, 2147516416)
(1509972480, 2294319296, 2147516416)
(1509972480, 2214626304, 2147516416)
(1509972480, 210242696, 2147516416)
(1509972480, 1153451200, 2147516416)
(1509972480, 1612865570, 2147516416)
(1509972480, 576725600, 2147516416)
(1509972480, 603988992, 2147516416)
(1509972480, 102893090, 2147516416)
(1509972480, 1147159648, 2147516416)
(1509972480, 2428539072, 2147516416)
(1509972480, 811610208, 2147516416)
(1509972480, 1623220416, 2147516416)
(1509972480, 3227566176, 2147516416)
(1509972480, 807940136, 2147516416)
(1509972480, 336335884, 2147516416)
(1509972480, 203951144, 2147516416)
(1509972480, 671885324, 2147516416)
(1509972480, 2424475778, 2147516416)
(1509972480, 335942662, 2147516416)
(1509972480, 109184642, 2147516416)
(1509972480, 2181464582, 2147516416)
(1509972480, 344462472, 2147516416)
(1509972480, 337777698, 2147516416)
(1509972480, 1143489576, 2147516416)
(1509972480, 1149387906, 2147516416)
(1509972480, 814231688, 2147516416)
(1509972480, 809775172, 2147516416)
(1509972480, 583017152, 2147516416)
(1509972480, 571220492, 2147516416)
(1509972480, 2418184226, 2147516416)
(1509972480, 2420412484, 2147516416)
(1509972480, 2288027744, 2147516416)
(1509972480, 2282129414, 2147516416)
(1509972480, 113247936, 2147516416)
(1509972480, 207621216, 2147516416)
(1509972480, 103810608, 2147516416)
(1509972480, 210766992, 2147516416)
(1509972480, 3223896104, 2147516416)
(1509972480, 2181857804, 2147516416)
(1509972480, 2184217136, 2147516416)
(1509972480, 3222585364, 2147516416)
(1509972480, 1619157122, 2147516416)
(1509972480, 671492102, 2147516416)
(1509972480, 680536208, 2147516416)
(1509972480, 1611948052, 2147516416)
(1342853130, 1006648320, 2147516416)
(1342853130, 405018660, 2147516416)
(1342853130, 2516620800, 2147516416)
(1342853130, 310645380, 2147516416)
(1342853130, 2290256002, 2147516416)
(1342853130, 673327138, 2147516416)
(1342853130, 578953858, 2147516416)
(1342853130, 178916010, 2147516416)
(1342853130, 2183299618, 2147516416)
(1342853130, 3363883136, 2147516416)
(1342853130, 2160623816, 2147516416)
(1342853130, 2349370376, 2147516416)
(1342853130, 1288195272, 2147516416)
(1342853130, 3292578880, 2147516416)
(1342853130, 1646289440, 2147516416)
(1342853130, 543301730, 2147516416)
(1342853130, 637675010, 2147516416)
(1342853130, 1180845666, 2147516416)
(1342853130, 1681941568, 2147516416)
(1342853130, 2428539072, 2147516416)
(1342853130, 811610208, 2147516416)
(1342853130, 1623220416, 2147516416)
(1342853130, 3227566176, 2147516416)
(1342853130, 941635616, 2147516416)
(1342853130, 470031364, 2147516416)
(1342853130, 738733064, 2147516416)
(1342853130, 137103404, 2147516416)
(1342853130, 2457899648, 2147516416)
(1342853130, 369366532, 2147516416)
(1342853130, 2248312322, 2147516416)
(1342853130, 42336902, 2147516416)
(1342853130, 2617285632, 2147516416)
(1342853130, 905983488, 2147516416)
(1342853130, 1811966976, 2147516416)
(1342853130, 3321939456, 2147516416)
(1342853130, 847262336, 2147516416)
(1342853130, 281284804, 2147516416)
(1342853130, 549986504, 2147516416)
(1342853130, 42730124, 2147516416)
(1342853130, 2552272928, 2147516416)
(1342853130, 274993252, 2147516416)
(1342853130, 2153939042, 2147516416)
(1342853130, 136710182, 2147516416)
(1342853130, 2218951746, 2147516416)
(1342853130, 608707656, 2147516416)
(1342853130, 605168658, 2147516416)
(1342853130, 2216199192, 2147516416)
(1342853130, 3256926752, 2147516416)
(1342853130, 36438572, 2147516416)
(1342853130, 2151186488, 2147516416)
(1342853130, 1077166132, 2147516416)
(1342853130, 1753245824, 2147516416)
(1342853130, 143001734, 2147516416)
(1342853130, 546447506, 2147516416)
(1342853130, 1083457684, 2147516416)
(306713160, 1006648320, 2147516416)
(306713160, 405018660, 2147516416)
(306713160, 344069250, 2147516416)
(306713160, 2416349190, 2147516416)
(306713160, 2323679872, 2147516416)
(306713160, 706751008, 2147516416)
(306713160, 2819139592, 2147516416)
(306713160, 145229992, 2147516416)
(306713160, 2149613600, 2147516416)
(306713160, 2294319296, 2147516416)
(306713160, 3230187656, 2147516416)
(306713160, 1153451200, 2147516416)
(306713160, 210242696, 2147516416)
(306713160, 2214626304, 2147516416)
(306713160, 543301730, 2147516416)
(306713160, 1646289440, 2147516416)
(306713160, 1681941568, 2147516416)
(306713160, 69207072, 2147516416)
(306713160, 637675010, 2147516416)
(306713160, 3498102912, 2147516416)
(306713160, 1881174048, 2147516416)
(306713160, 3762348096, 2147516416)
(306713160, 1088438496, 2147516416)
(306713160, 941635616, 2147516416)
(306713160, 470031364, 2147516416)
(306713160, 738733064, 2147516416)
(306713160, 137103404, 2147516416)
(306713160, 2424475778, 2147516416)
(306713160, 335942662, 2147516416)
(306713160, 109184642, 2147516416)
(306713160, 2181464582, 2147516416)
(306713160, 3087054848, 2147516416)
(306713160, 1946186752, 2147516416)
(306713160, 3791708672, 2147516416)
(306713160, 771763712, 2147516416)
(306713160, 279056546, 2147516416)
(306713160, 1417696384, 2147516416)
(306713160, 1084768424, 2147516416)
(306713160, 76153994, 2147516416)
(306713160, 2550437892, 2147516416)
(306713160, 270929958, 2147516416)
(306713160, 140773476, 2147516416)
(306713160, 2152104006, 2147516416)
(306713160, 148900064, 2147516416)
(306713160, 243273344, 2147516416)
(306713160, 45089456, 2147516416)
(306713160, 80741584, 2147516416)
(306713160, 2688720962, 2147516416)
(306713160, 604644362, 2147516416)
(306713160, 2685968408, 2147516416)
(306713160, 609231952, 2147516416)
(306713160, 3255091716, 2147516416)
(306713160, 1076641836, 2147516416)
(306713160, 36962868, 2147516416)
(306713160, 2149351452, 2147516416)
(406984770, 338170920, 2147516416)
(406984770, 806105100, 2147516416)
(406984770, 2516620800, 2147516416)
(406984770, 310645380, 2147516416)
(406984770, 2156560522, 2147516416)
(406984770, 539631658, 2147516416)
(406984770, 2718081538, 2147516416)
(406984770, 713697930, 2147516416)
(406984770, 44171938, 2147516416)
(406984770, 2160623816, 2147516416)
(406984770, 3363883136, 2147516416)
(406984770, 3292578880, 2147516416)
(406984770, 1288195272, 2147516416)
(406984770, 2349370376, 2147516416)
(406984770, 576725600, 2147516416)
(406984770, 1612865570, 2147516416)
(406984770, 1715627586, 2147516416)
(406984770, 1147159648, 2147516416)
(406984770, 102893090, 2147516416)
(406984770, 3498102912, 2147516416)
(406984770, 1881174048, 2147516416)
(406984770, 3762348096, 2147516416)
(406984770, 1088438496, 2147516416)
(406984770, 807940136, 2147516416)
(406984770, 336335884, 2147516416)
(406984770, 203951144, 2147516416)
(406984770, 671885324, 2147516416)
(406984770, 2457899648, 2147516416)
(406984770, 369366532, 2147516416)
(406984770, 2248312322, 2147516416)
(406984770, 42336902, 2147516416)
(406984770, 2986390016, 2147516416)
(406984770, 3556824064, 2147516416)
(406984770, 3892373504, 2147516416)
(406984770, 2382401024, 2147516416)
(406984770, 279449768, 2147516416)
(406984770, 1411404832, 2147516416)
(406984770, 1084375202, 2147516416)
(406984770, 69862442, 2147516416)
(406984770, 277614732, 2147516416)
(406984770, 839135748, 2147516416)
(406984770, 541859916, 2147516416)
(406984770, 46400196, 2147516416)
(406984770, 48235232, 2147516416)
(406984770, 236981792, 2147516416)
(406984770, 145754288, 2147516416)
(406984770, 74450032, 2147516416)
(406984770, 2689114184, 2147516416)
(406984770, 2215281674, 2147516416)
(406984770, 2685575186, 2147516416)
(406984770, 2219869264, 2147516416)
(406984770, 1082540166, 2147516416)
(406984770, 1745119236, 2147516416)
(406984770, 538320918, 2147516416)
(406984770, 143919252, 2147516416)
(1006648320, 310645380, 2147516416)
(1006648320, 2416349190, 2147516416)
(1006648320, 2693308552, 2147516416)
(1006648320, 2292222112, 2147516416)
(1006648320, 2181071360, 2147516416)
(1006648320, 176687752, 2147516416)
(1006648320, 580919968, 2147516416)
(1006648320, 2223539336, 2147516416)
(1006648320, 1145586760, 2147516416)
(1006648320, 3221274624, 2147516416)
(1006648320, 1216891016, 2147516416)
(1006648320, 2286454856, 2147516416)
(1006648320, 102893090, 2147516416)
(1006648320, 1147159648, 2147516416)
(1006648320, 1107313152, 2147516416)
(1006648320, 1612865570, 2147516416)
(1006648320, 576725600, 2147516416)
(1006648320, 2426441888, 2147516416)
(1006648320, 1348489312, 2147516416)
(1006648320, 1621123232, 2147516416)
(1006648320, 2690687072, 2147516416)
(1006648320, 302649866, 2147516416)
(1006648320, 1346916424, 2147516416)
(1006648320, 1208633354, 2147516416)
(1006648320, 172493384, 2147516416)
(1006648320, 2424606852, 2147516416)
(1006648320, 302387718, 2147516416)
(1006648320, 109315716, 2147516416)
(1006648320, 2215019526, 2147516416)
(1006648320, 1351110792, 2147516416)
(1006648320, 1344426018, 2147516416)
(1006648320, 1151354016, 2147516416)
(1006648320, 1141523466, 2147516416)
(1006648320, 310907528, 2147516416)
(1006648320, 306451012, 2147516416)
(1006648320, 575152712, 2147516416)
(1006648320, 579084932, 2147516416)
(1006648320, 2418184226, 2147516416)
(1006648320, 2420412484, 2147516416)
(1006648320, 2288027744, 2147516416)
(1006648320, 2282129414, 2147516416)
(1006648320, 111150752, 2147516416)
(1006648320, 174066272, 2147516416)
(1006648320, 105907792, 2147516416)
(1006648320, 177212048, 2147516416)
(1006648320, 2215281674, 2147516416)
(1006648320, 2689114184, 2147516416)
(1006648320, 2219869264, 2147516416)
(1006648320, 2685575186, 2147516416)
(1006648320, 1619288196, 2147516416)
(1006648320, 1208371206, 2147516416)
(1006648320, 1217415312, 2147516416)
(1006648320, 1611816978, 2147516416)
(338170920, 310645380, 2147516416)
(338170920, 2416349190, 2147516416)
(338170920, 2292222112, 2147516416)
(338170920, 2693308552, 2147516416)
(338170920, 580919968, 2147516416)
(338170920, 176687752, 2147516416)
(338170920, 2181071360, 2147516416)
(338170920, 2357234816, 2147516416)
(338170920, 1279282240, 2147516416)
(338170920, 3356018696, 2147516416)
(338170920, 147327176, 2147516416)
(338170920, 2151710784, 2147516416)
(338170920, 637675010, 2147516416)
(338170920, 1681941568, 2147516416)
(338170920, 1646289440, 2147516416)
(338170920, 37749312, 2147516416)
(338170920, 543301730, 2147516416)
(338170920, 2961223808, 2147516416)
(338170920, 1883271232, 2147516416)
(338170920, 3760250912, 2147516416)
(338170920, 551559392, 2147516416)
(338170920, 436345346, 2147516416)
(338170920, 1480611904, 2147516416)
(338170920, 1242057224, 2147516416)
(338170920, 139069514, 2147516416)
(338170920, 2424606852, 2147516416)
(338170920, 302387718, 2147516416)
(338170920, 109315716, 2147516416)
(338170920, 2215019526, 2147516416)
(338170920, 3623933952, 2147516416)
(338170920, 1912631808, 2147516416)
(338170920, 3825263616, 2147516416)
(338170920, 1308642816, 2147516416)
(338170920, 847262336, 2147516416)
(338170920, 281284804, 2147516416)
(338170920, 549986504, 2147516416)
(338170920, 42730124, 2147516416)
(338170920, 2550306818, 2147516416)
(338170920, 273027142, 2147516416)
(338170920, 140642402, 2147516416)
(338170920, 2150006822, 2147516416)
(338170920, 243273344, 2147516416)
(338170920, 148900064, 2147516416)
(338170920, 80741584, 2147516416)
(338170920, 45089456, 2147516416)
(338170920, 2751636482, 2147516416)
(338170920, 541728842, 2147516416)
(338170920, 72483922, 2147516416)
(338170920, 2149220378, 2147516416)
(338170920, 3223633956, 2147516416)
(338170920, 1108099596, 2147516416)
(338170920, 3222847512, 2147516416)
(338170920, 1110458928, 2147516416)
(806105100, 344069250, 2147516416)
(806105100, 2827004032, 2147516416)
(806105100, 2158526632, 2147516416)
(806105100, 2315815432, 2147516416)
(806105100, 715664040, 2147516416)
(806105100, 2720047648, 2147516416)
(806105100, 2290387076, 2147516416)
(806105100, 1212434500, 2147516416)
(806105100, 1149518980, 2147516416)
(806105100, 214699212, 2147516416)
(806105100, 2219082820, 2147516416)
(806105100, 36045350, 2147516416)
(806105100, 1080311908, 2147516416)
(806105100, 1174685188, 2147516416)
(806105100, 644097636, 2147516416)
(806105100, 71697478, 2147516416)
(806105100, 2426441888, 2147516416)
(806105100, 1348489312, 2147516416)
(806105100, 1621123232, 2147516416)
(806105100, 2690687072, 2147516416)
(806105100, 436345346, 2147516416)
(806105100, 1480611904, 2147516416)
(806105100, 1242057224, 2147516416)
(806105100, 139069514, 2147516416)
(806105100, 2491454592, 2147516416)
(806105100, 369235458, 2147516416)
(806105100, 2248443396, 2147516416)
(806105100, 75891846, 2147516416)
(806105100, 2583730688, 2147516416)
(806105100, 1442862592, 2147516416)
(806105100, 1778412032, 2147516416)
(806105100, 2785060352, 2147516416)
(806105100, 279056546, 2147516416)
(806105100, 1417696384, 2147516416)
(806105100, 1084768424, 2147516416)
(806105100, 76153994, 2147516416)
(806105100, 2554370112, 2147516416)
(806105100, 274862178, 2147516416)
(806105100, 2154070116, 2147516416)
(806105100, 138807366, 2147516416)
(806105100, 2755699776, 2147516416)
(806105100, 71959626, 2147516416)
(806105100, 2153283672, 2147516416)
(806105100, 542253138, 2147516416)
(806105100, 2183430692, 2147516416)
(806105100, 1109934632, 2147516416)
(806105100, 1108623892, 2147516416)
(806105100, 2182644248, 2147516416)
(806105100, 143001734, 2147516416)
(806105100, 1753245824, 2147516416)
(806105100, 1083457684, 2147516416)
(806105100, 546447506, 2147516416)
(405018660, 2516620800, 2147516416)
(405018660, 2158526632, 2147516416)
(405018660, 2827004032, 2147516416)
(405018660, 2720047648, 2147516416)
(405018660, 715664040, 2147516416)
(405018660, 2315815432, 2147516416)
(405018660, 2156691596, 2147516416)
(405018660, 1078739020, 2147516416)
(405018660, 3288646660, 2147516416)
(405018660, 1284263052, 2147516416)
(405018660, 79955140, 2147516416)
(405018660, 570827270, 2147516416)
(405018660, 1615093828, 2147516416)
(405018660, 1713661476, 2147516416)
(405018660, 1141261318, 2147516416)
(405018660, 105121348, 2147516416)
(405018660, 2961223808, 2147516416)
(405018660, 1883271232, 2147516416)
(405018660, 3760250912, 2147516416)
(405018660, 551559392, 2147516416)
(405018660, 302649866, 2147516416)
(405018660, 1346916424, 2147516416)
(405018660, 1208633354, 2147516416)
(405018660, 172493384, 2147516416)
(405018660, 2491454592, 2147516416)
(405018660, 369235458, 2147516416)
(405018660, 2248443396, 2147516416)
(405018660, 75891846, 2147516416)
(405018660, 2986390016, 2147516416)
(405018660, 3556824064, 2147516416)
(405018660, 3892373504, 2147516416)
(405018660, 2382401024, 2147516416)
(405018660, 277483658, 2147516416)
(405018660, 1409438722, 2147516416)
(405018660, 1076510762, 2147516416)
(405018660, 77726882, 2147516416)
(405018660, 281546952, 2147516416)
(405018660, 843067968, 2147516416)
(405018660, 549724356, 2147516416)
(405018660, 38535756, 2147516416)
(405018660, 81790176, 2147516416)
(405018660, 239078976, 2147516416)
(405018660, 147851472, 2147516416)
(405018660, 40895088, 2147516416)
(405018660, 2181857804, 2147516416)
(405018660, 3223896104, 2147516416)
(405018660, 3222585364, 2147516416)
(405018660, 2184217136, 2147516416)
(405018660, 545661062, 2147516416)
(405018660, 1744988162, 2147516416)
(405018660, 1075200022, 2147516416)
(405018660, 143788178, 2147516416)
(2516620800, 2181071360, 2147516416)
(2516620800, 176687752, 2147516416)
(2516620800, 580919968, 2147516416)
(2516620800, 2693308552, 2147516416)
(2516620800, 2292222112, 2147516416)
(2516620800, 2214626304, 2147516416)
(2516620800, 210242696, 2147516416)
(2516620800, 1153451200, 2147516416)
(2516620800, 3230187656, 2147516416)
(2516620800, 2294319296, 2147516416)
(2516620800, 100664832, 2147516416)
(2516620800, 606217250, 2147516416)
(2516620800, 1145193538, 2147516416)
(2516620800, 1109541410, 2147516416)
(2516620800, 574759490, 2147516416)
(2516620800, 815804576, 2147516416)
(2516620800, 1354780864, 2147516416)
(2516620800, 3231760544, 2147516416)
(2516620800, 2696978624, 2147516416)
(2516620800, 403314698, 2147516416)
(2516620800, 1346523202, 2147516416)
(2516620800, 1107968522, 2147516416)
(2516620800, 172100162, 2147516416)
(2516620800, 403445772, 2147516416)
(2516620800, 807677988, 2147516416)
(2516620800, 604775436, 2147516416)
(2516620800, 203688996, 2147516416)
(2516620800, 1351110792, 2147516416)
(2516620800, 1344426018, 2147516416)
(2516620800, 1151354016, 2147516416)
(2516620800, 1141523466, 2147516416)
(2516620800, 814231688, 2147516416)
(2516620800, 809775172, 2147516416)
(2516620800, 583017152, 2147516416)
(2516620800, 571220492, 2147516416)
(2516620800, 404887586, 2147516416)
(2516620800, 407115844, 2147516416)
(2516620800, 2286061634, 2147516416)
(2516620800, 2284095524, 2147516416)
(2516620800, 211815584, 2147516416)
(2516620800, 180357824, 2147516416)
(2516620800, 206572624, 2147516416)
(2516620800, 170920496, 2147516416)
(2516620800, 604644362, 2147516416)
(2516620800, 2688720962, 2147516416)
(2516620800, 609231952, 2147516416)
(2516620800, 2685968408, 2147516416)
(2516620800, 1108099596, 2147516416)
(2516620800, 3223633956, 2147516416)
(2516620800, 1110458928, 2147516416)
(2516620800, 3222847512, 2147516416)
(344069250, 2282391562, 2147516416)
(344069250, 2686623778, 2147516416)
(344069250, 682240170, 2147516416)
(344069250, 571089418, 2147516416)
(344069250, 170002978, 2147516416)
(344069250, 2349370376, 2147516416)
(344069250, 3292578880, 2147516416)
(344069250, 1288195272, 2147516416)
(344069250, 3363883136, 2147516416)
(344069250, 2160623816, 2147516416)
(344069250, 639641120, 2147516416)
(344069250, 1684169826, 2147516416)
(344069250, 1178617408, 2147516416)
(344069250, 1644323330, 2147516416)
(344069250, 39977570, 2147516416)
(344069250, 2954932256, 2147516416)
(344069250, 3493908544, 2147516416)
(344069250, 3766542464, 2147516416)
(344069250, 2162196704, 2147516416)
(344069250, 436738568, 2147516416)
(344069250, 1379947072, 2147516416)
(344069250, 1241664002, 2147516416)
(344069250, 38404682, 2147516416)
(344069250, 403445772, 2147516416)
(344069250, 807677988, 2147516416)
(344069250, 604775436, 2147516416)
(344069250, 203688996, 2147516416)
(344069250, 3623933952, 2147516416)
(344069250, 1912631808, 2147516416)
(344069250, 3825263616, 2147516416)
(344069250, 1308642816, 2147516416)
(344069250, 839397896, 2147516416)
(344069250, 273420364, 2147516416)
(344069250, 46662344, 2147516416)
(344069250, 546054284, 2147516416)
(344069250, 2552272928, 2147516416)
(344069250, 274993252, 2147516416)
(344069250, 2153939042, 2147516416)
(344069250, 136710182, 2147516416)
(344069250, 236981792, 2147516416)
(344069250, 48235232, 2147516416)
(344069250, 74450032, 2147516416)
(344069250, 145754288, 2147516416)
(344069250, 2752029704, 2147516416)
(344069250, 2152366154, 2147516416)
(344069250, 72877144, 2147516416)
(344069250, 538583066, 2147516416)
(344069250, 1208371206, 2147516416)
(344069250, 1619288196, 2147516416)
(344069250, 1611816978, 2147516416)
(344069250, 1217415312, 2147516416)
(310645380, 2315815432, 2147516416)
(310645380, 2720047648, 2147516416)
(310645380, 715664040, 2147516416)
(310645380, 2827004032, 2147516416)
(310645380, 2158526632, 2147516416)
(310645380, 2282522636, 2147516416)
(310645380, 3225731140, 2147516416)
(310645380, 1221347532, 2147516416)
(310645380, 1141654540, 2147516416)
(310645380, 205786180, 2147516416)
(310645380, 539369510, 2147516416)
(310645380, 1650745956, 2147516416)
(310645380, 1078345798, 2147516416)
(310645380, 1678009348, 2147516416)
(310645380, 73663588, 2147516416)
(310645380, 2954932256, 2147516416)
(310645380, 3493908544, 2147516416)
(310645380, 3766542464, 2147516416)
(310645380, 2162196704, 2147516416)
(310645380, 403314698, 2147516416)
(310645380, 1346523202, 2147516416)
(310645380, 1107968522, 2147516416)
(310645380, 172100162, 2147516416)
(310645380, 470293512, 2147516416)
(310645380, 874525728, 2147516416)
(310645380, 738470916, 2147516416)
(310645380, 69993516, 2147516416)
(310645380, 3087054848, 2147516416)
(310645380, 1946186752, 2147516416)
(310645380, 3791708672, 2147516416)
(310645380, 771763712, 2147516416)
(310645380, 271192106, 2147516416)
(310645380, 1409831944, 2147516416)
(310645380, 1082802314, 2147516416)
(310645380, 78120104, 2147516416)
(310645380, 2554370112, 2147516416)
(310645380, 274862178, 2147516416)
(310645380, 2154070116, 2147516416)
(310645380, 138807366, 2147516416)
(310645380, 239078976, 2147516416)
(310645380, 81790176, 2147516416)
(310645380, 40895088, 2147516416)
(310645380, 147851472, 2147516416)
(310645380, 2150400044, 2147516416)
(310645380, 3255353864, 2147516416)
(310645380, 1075593244, 2147516416)
(310645380, 37225016, 2147516416)
(310645380, 671492102, 2147516416)
(310645380, 1619157122, 2147516416)
(310645380, 1611948052, 2147516416)
(310645380, 680536208, 2147516416)
(2416349190, 2147647490, 2147516416)
(2416349190, 143263882, 2147516416)
(2416349190, 547496098, 2147516416)
(2416349190, 704784898, 2147516416)
(2416349190, 36307498, 2147516416)
(2416349190, 2147778564, 2147516416)
(2416349190, 143394956, 2147516416)
(2416349190, 1086603460, 2147516416)
(2416349190, 1275350020, 2147516416)
(2416349190, 72090700, 2147516416)
(2416349190, 393222, 2147516416)
(2416349190, 572793380, 2147516416)
(2416349190, 1111769668, 2147516416)
(2416349190, 1143227428, 2147516416)
(2416349190, 608445508, 2147516416)
(2416349190, 815804576, 2147516416)
(2416349190, 1354780864, 2147516416)
(2416349190, 3231760544, 2147516416)
(2416349190, 2696978624, 2147516416)
(2416349190, 436738568, 2147516416)
(2416349190, 1379947072, 2147516416)
(2416349190, 1241664002, 2147516416)
(2416349190, 38404682, 2147516416)
(2416349190, 470293512, 2147516416)
(2416349190, 874525728, 2147516416)
(2416349190, 738470916, 2147516416)
(2416349190, 69993516, 2147516416)
(2416349190, 973093376, 2147516416)
(2416349190, 1543527424, 2147516416)
(2416349190, 3389049344, 2147516416)
(2416349190, 2885725184, 2147516416)
(2416349190, 279449768, 2147516416)
(2416349190, 1411404832, 2147516416)
(2416349190, 1084375202, 2147516416)
(2416349190, 69862442, 2147516416)
(2416349190, 281546952, 2147516416)
(2416349190, 843067968, 2147516416)
(2416349190, 549724356, 2147516416)
(2416349190, 38535756, 2147516416)
(2416349190, 71959626, 2147516416)
(2416349190, 2755699776, 2147516416)
(2416349190, 542253138, 2147516416)
(2416349190, 2153283672, 2147516416)
(2416349190, 36438572, 2147516416)
(2416349190, 3256926752, 2147516416)
(2416349190, 1077166132, 2147516416)
(2416349190, 2151186488, 2147516416)
(2416349190, 679749764, 2147516416)
(2416349190, 1216497794, 2147516416)
(2416349190, 1209288724, 2147516416)
(2416349190, 672278546, 2147516416)
